   0.20667419E+01
   0.19736322E+01
   0.18847172E+01
   0.17998080E+01
   0.17187241E+01
   0.16412931E+01
   0.15673505E+01
   0.14967391E+01
   0.14293089E+01
   0.13649165E+01
   0.13034250E+01
   0.12447039E+01
   0.11886282E+01
   0.11350788E+01
   0.10839418E+01
   0.10351087E+01
   0.98847559E+00
   0.94394335E+00
   0.90141735E+00
   0.86080721E+00
   0.82202661E+00
   0.78499314E+00
   0.74962807E+00
   0.71585626E+00
   0.68360591E+00
   0.65280848E+00
   0.62339853E+00
   0.59531353E+00
   0.56849381E+00
   0.54288235E+00
   0.51842472E+00
   0.49506895E+00
   0.47276539E+00
   0.45146663E+00
   0.43112741E+00
   0.41170451E+00
   0.39315663E+00
   0.37544436E+00
   0.35853006E+00
   0.34237777E+00
   0.32695316E+00
   0.31222346E+00
   0.29815734E+00
   0.28472493E+00
   0.27189767E+00
   0.25964829E+00
   0.24795076E+00
   0.23678023E+00
   0.22611294E+00
   0.21592623E+00
   0.20619845E+00
   0.19690891E+00
   0.18803789E+00
   0.17956651E+00
   0.17147678E+00
   0.16375151E+00
   0.15637427E+00
   0.14932939E+00
   0.14260189E+00
   0.13617747E+00
   0.13004248E+00
   0.12418388E+00
   0.11858922E+00
   0.11324661E+00
   0.10814469E+00
   0.10327262E+00
   0.98620038E-01
   0.94177066E-01
   0.89934255E-01
   0.85882589E-01
   0.82013457E-01
   0.78318634E-01
   0.74790269E-01
   0.71420861E-01
   0.68203250E-01
   0.65130597E-01
   0.62196372E-01
   0.59394337E-01
   0.56718538E-01
   0.54163288E-01
   0.51723155E-01
   0.49392954E-01
   0.47167732E-01
   0.45042759E-01
   0.43013519E-01
   0.41075699E-01
   0.39225181E-01
   0.37458031E-01
   0.35770494E-01
   0.34158983E-01
   0.32620073E-01
   0.31150493E-01
   0.29747119E-01
   0.28406970E-01
   0.27127196E-01
   0.25905077E-01
   0.24738017E-01
   0.23623535E-01
   0.22559262E-01
   0.21542935E-01
   0.20572396E-01
   0.19645581E-01
   0.18760520E-01
   0.17915332E-01
   0.17108221E-01
   0.16337472E-01
   0.15601446E-01
   0.14898579E-01
   0.14227377E-01
   0.13586414E-01
   0.12974327E-01
   0.12389816E-01
   0.11831638E-01
   0.11298606E-01
   0.10789588E-01
   0.10303502E-01
   0.98393151E-02
   0.93960403E-02
   0.89727357E-02
   0.85685016E-02
   0.81824787E-02
   0.78138468E-02
   0.74618222E-02
   0.71256569E-02
   0.68046362E-02
   0.64980780E-02
   0.62053307E-02
   0.59257721E-02
   0.56588079E-02
   0.54038709E-02
   0.51604191E-02
   0.49279352E-02
   0.47059250E-02
   0.44939167E-02
   0.42914596E-02
   0.40981236E-02
   0.39134975E-02
   0.37371892E-02
   0.35688238E-02
   0.34080434E-02
   0.32545065E-02
   0.31078866E-02
   0.29678721E-02
   0.28341655E-02
   0.27064826E-02
   0.25845519E-02
   0.24681144E-02
   0.23569226E-02
   0.22507401E-02
   0.21493412E-02
   0.20525106E-02
   0.19600423E-02
   0.18717398E-02
   0.17874154E-02
   0.17068900E-02
   0.16299924E-02
   0.15565591E-02
   0.14864341E-02
   0.14194683E-02
   0.13555194E-02
   0.12944515E-02
   0.12361348E-02
   0.11804453E-02
   0.11272648E-02
   0.10764800E-02
   0.10279832E-02
   0.98167128E-03
   0.93744574E-03
   0.89521262E-03
   0.85488216E-03
   0.81636865E-03
   0.77959021E-03
   0.74446870E-03
   0.71092946E-03
   0.67890120E-03
   0.64831587E-03
   0.61910844E-03
   0.59121684E-03
   0.56458180E-03
   0.53914670E-03
   0.51485749E-03
   0.49166254E-03
   0.46951255E-03
   0.44836045E-03
   0.42816128E-03
   0.40887211E-03
   0.39045194E-03
   0.37286162E-03
   0.35606377E-03
   0.34002268E-03
   0.32470427E-03
   0.31007597E-03
   0.29610669E-03
   0.28276675E-03
   0.27002779E-03
   0.25786274E-03
   0.24624573E-03
   0.23515209E-03
   0.22455823E-03
   0.21444164E-03
   0.20478081E-03
   0.19555522E-03
   0.18674525E-03
   0.17833217E-03
   0.17029812E-03
   0.16262602E-03
   0.15529955E-03
   0.14830314E-03
   0.14162194E-03
   0.13524173E-03
   0.12914896E-03
   0.12333067E-03
   0.11777450E-03
   0.11246865E-03
   0.10740183E-03
   0.10256328E-03
   0.97942707E-04
   0.93530299E-04
   0.89316675E-04
   0.85292880E-04
   0.81450361E-04
   0.77780952E-04
   0.74276854E-04
   0.70930620E-04
   0.67735138E-04
   0.64683616E-04
   0.61769568E-04
   0.58986801E-04
   0.56329401E-04
   0.53791719E-04
   0.51368363E-04
   0.49054182E-04
   0.46844257E-04
   0.44733892E-04
   0.42718601E-04
   0.40794100E-04
   0.38956301E-04
   0.37201296E-04
   0.35525356E-04
   0.33924919E-04
   0.32396583E-04
   0.30937100E-04
   0.29543368E-04
   0.28212425E-04
   0.26941442E-04
   0.25727719E-04
   0.24568675E-04
   0.23461846E-04
   0.22404882E-04
   0.21395534E-04
   0.20431659E-04
   0.19511207E-04
   0.18632222E-04
   0.17792836E-04
   0.16991265E-04
   0.16225806E-04
   0.15494831E-04
   0.14796787E-04
   0.14130190E-04
   0.13493625E-04
   0.12885737E-04
   0.12305234E-04
   0.11750884E-04
   0.11221508E-04
   0.10715980E-04
   0.10233227E-04
   0.97722220E-05
   0.93319856E-05
   0.89115822E-05
   0.85101181E-05
   0.81267403E-05
   0.77606338E-05
   0.74110206E-05
   0.70771577E-05
   0.67583354E-05
   0.64538762E-05
   0.61631331E-05
   0.58854880E-05
   0.56203509E-05
   0.53671584E-05
   0.51253723E-05
   0.48944787E-05
   0.46739869E-05
   0.44634283E-05
   0.42623555E-05
   0.40703410E-05
   0.38869768E-05
   0.37118731E-05
   0.35446580E-05
   0.33849758E-05
   0.32324874E-05
   0.30868685E-05
   0.29478098E-05
   0.28150157E-05
   0.26882039E-05
   0.25671050E-05
   0.24514616E-05
   0.23410279E-05
   0.22355692E-05
   0.21348614E-05
   0.20386904E-05
   0.19468519E-05
   0.18591507E-05
   0.17754004E-05
   0.16954230E-05
   0.16190485E-05
   0.15461147E-05
   0.14764665E-05
   0.14099558E-05
   0.13464415E-05
   0.12857884E-05
   0.12278677E-05
   0.11725563E-05
   0.11197366E-05
   0.10692963E-05
   0.10211284E-05
   0.97513033E-06
   0.93120445E-06
   0.88925737E-06
   0.84919996E-06
   0.81094708E-06
   0.77441743E-06
   0.73953340E-06
   0.70622083E-06
   0.67440894E-06
   0.64403012E-06
   0.61501982E-06
   0.58731637E-06
   0.56086092E-06
   0.53559722E-06
   0.51147161E-06
   0.48843280E-06
   0.46643184E-06
   0.44542197E-06
   0.42535854E-06
   0.40619892E-06
   0.38790239E-06
   0.37043007E-06
   0.35374483E-06
   0.33781122E-06
   0.32259536E-06
   0.30806493E-06
   0.29418905E-06
   0.28093823E-06
   0.26828432E-06
   0.25620042E-06
   0.24466086E-06
   0.23364111E-06
   0.22311776E-06
   0.21306844E-06
   0.20347180E-06
   0.19430745E-06
   0.18555591E-06
   0.17719859E-06
   0.16921773E-06
   0.16159637E-06
   0.15431831E-06
   0.14736810E-06
   0.14073095E-06
   0.13439277E-06
   0.12834009E-06
   0.12256005E-06
   0.11704036E-06
   0.11176930E-06
   0.10673567E-06
   0.10192878E-06
   0.97338401E-07
   0.92954789E-07
   0.88768628E-07
   0.84771023E-07
   0.80953481E-07
   0.77307890E-07
   0.73826504E-07
   0.70501927E-07
   0.67327094E-07
   0.64295261E-07
   0.61399986E-07
   0.58635116E-07
   0.55994779E-07
   0.53473364E-07
   0.51065514E-07
   0.48766114E-07
   0.46570279E-07
   0.44473343E-07
   0.42470851E-07
   0.40558549E-07
   0.38732375E-07
   0.36988449E-07
   0.35323065E-07
   0.33732687E-07
   0.32213936E-07
   0.30763584E-07
   0.29378552E-07
   0.28055897E-07
   0.26792808E-07
   0.25586604E-07
   0.24434722E-07
   0.23334715E-07
   0.22284246E-07
   0.21281084E-07
   0.20323098E-07
   0.19408254E-07
   0.18534608E-07
   0.17700304E-07
   0.16903571E-07
   0.16142716E-07
   0.15416123E-07
   0.14722249E-07
   0.14059620E-07
   0.13426830E-07
   0.12822533E-07
   0.12245447E-07
   0.11694347E-07
   0.11168061E-07
   0.10665472E-07
   0.10185513E-07
   0.97271647E-08
   0.92894536E-08
   0.88714504E-08
   0.84722673E-08
   0.80910569E-08
   0.77270097E-08
   0.73793526E-08
   0.70473476E-08
   0.67302897E-08
   0.64275058E-08
   0.61383530E-08
   0.58622175E-08
   0.55985130E-08
   0.53466796E-08
   0.51061829E-08
   0.48765123E-08
   0.46571801E-08
   0.44477209E-08
   0.42476901E-08
   0.40566631E-08
   0.38742344E-08
   0.37000168E-08
   0.35336406E-08
   0.33747527E-08
   0.32230158E-08
   0.30781081E-08
   0.29397219E-08
   0.28075637E-08
   0.26813530E-08
   0.25608219E-08
   0.24457149E-08
   0.23357875E-08
   0.22308068E-08
   0.21305498E-08
   0.20348040E-08
   0.19433661E-08
   0.18560424E-08
   0.17726475E-08
   0.16930046E-08
   0.16169447E-08
   0.15443065E-08
   0.14749361E-08
   0.14086862E-08
   0.13454165E-08
   0.12849927E-08
   0.12272867E-08
   0.11721763E-08
   0.11195445E-08
   0.10692798E-08
   0.10212756E-08
   0.97543023E-09
   0.93164648E-09
   0.88983156E-09
   0.84989686E-09
   0.81175775E-09
   0.77533342E-09
   0.74054668E-09
   0.70732386E-09
   0.67559455E-09
   0.64529155E-09
   0.61635068E-09
   0.58871064E-09
   0.56231289E-09
   0.53710153E-09
   0.51302318E-09
   0.49002686E-09
   0.46806388E-09
   0.44708776E-09
   0.42705408E-09
   0.40792046E-09
   0.38964640E-09
   0.37219323E-09
   0.35552402E-09
   0.33960351E-09
   0.32439802E-09
   0.30987539E-09
   0.29600490E-09
   0.28275722E-09
   0.27010434E-09
   0.25801951E-09
   0.24647719E-09
   0.23545297E-09
   0.22492356E-09
   0.21486671E-09
   0.20526117E-09
   0.19608665E-09
   0.18732377E-09
   0.17895402E-09
   0.17095974E-09
   0.16332403E-09
   0.15603079E-09
   0.14906461E-09
   0.14241081E-09
   0.13605533E-09
   0.12998478E-09
   0.12418635E-09
   0.11864780E-09
   0.11335747E-09
   0.10830419E-09
   0.10347733E-09
   0.98866699E-10
   0.94462594E-10
   0.90255735E-10
   0.86237263E-10
   0.82398717E-10
   0.78732015E-10
   0.75229442E-10
   0.71883626E-10
   0.68687530E-10
   0.65634432E-10
   0.62717912E-10
   0.59931838E-10
   0.57270357E-10
   0.54727875E-10
   0.52299053E-10
   0.49978790E-10
   0.47762215E-10
   0.45644677E-10
   0.43621731E-10
   0.41689135E-10
   0.39842837E-10
   0.38078967E-10
   0.36393827E-10
   0.34783888E-10
   0.33245779E-10
   0.31776279E-10
   0.30372313E-10
   0.29030944E-10
   0.27749367E-10
   0.26524903E-10
   0.25354993E-10
   0.24237193E-10
   0.23169169E-10
   0.22148693E-10
   0.21173635E-10
   0.20241961E-10
   0.19351730E-10
   0.18501087E-10
   0.17688260E-10
   0.16911557E-10
   0.16169362E-10
   0.15460132E-10
   0.14782392E-10
   0.14134734E-10
   0.13515813E-10
   0.12924345E-10
   0.12359104E-10
   0.11818916E-10
   0.11302663E-10
   0.10809275E-10
   0.10337732E-10
   0.98870591E-11
   0.94563236E-11
   0.90446360E-11
   0.86511465E-11
   0.82750434E-11
   0.79155512E-11
   0.75719292E-11
   0.72434701E-11
   0.69294980E-11
   0.66293675E-11
   0.63424621E-11
   0.60681928E-11
   0.58059970E-11
   0.55553374E-11
   0.53157007E-11
   0.50865966E-11
   0.48675566E-11
   0.46581334E-11
   0.44578995E-11
   0.42664468E-11
   0.40833851E-11
   0.39083420E-11
   0.37409615E-11
   0.35809037E-11
   0.34278438E-11
   0.32814714E-11
   0.31414903E-11
   0.30076172E-11
   0.28795816E-11
   0.27571251E-11
   0.26400008E-11
   0.25279729E-11
   0.24208160E-11
   0.23183148E-11
   0.22202637E-11
   0.21264661E-11
   0.20367343E-11
   0.19508890E-11
   0.18687588E-11
   0.17901799E-11
   0.17149959E-11
   0.16430573E-11
   0.15742214E-11
   0.15083516E-11
   0.14453176E-11
   0.13849947E-11
   0.13272641E-11
   0.12720118E-11
   0.12191292E-11
   0.11685124E-11
   0.11200623E-11
   0.10736839E-11
   0.10292866E-11
   0.98678382E-12
   0.94609280E-12
   0.90713442E-12
   0.86983311E-12
   0.83411662E-12
   0.79991590E-12
   0.76716499E-12
   0.73580081E-12
   0.70576309E-12
   0.67699423E-12
   0.64943917E-12
   0.62304527E-12
   0.59776223E-12
   0.57354198E-12
   0.55033854E-12
   0.52810798E-12
   0.50680831E-12
   0.48639937E-12
   0.46684279E-12
   0.44810187E-12
   0.43014153E-12
   0.41292825E-12
   0.39642994E-12
   0.38061597E-12
   0.36545701E-12
   0.35092504E-12
   0.33699327E-12
   0.32363607E-12
   0.31082894E-12
   0.29854844E-12
   0.28677218E-12
   0.27547871E-12
   0.26464755E-12
   0.25425909E-12
   0.24429459E-12
   0.23473612E-12
   0.22556653E-12
   0.21676941E-12
   0.20832907E-12
   0.20023049E-12
   0.19245932E-12
   0.18500181E-12
   0.17784483E-12
   0.17097578E-12
   0.16438265E-12
   0.15805391E-12
   0.15197855E-12
   0.14614602E-12
   0.14054623E-12
   0.13516952E-12
   0.13000666E-12
   0.12504879E-12
   0.12028745E-12
   0.11571454E-12
   0.11132228E-12
   0.10710326E-12
   0.10305037E-12
   0.99156784E-13
   0.95415998E-13
   0.91821765E-13
   0.88368106E-13
   0.85049298E-13
   0.81859857E-13
   0.78794533E-13
   0.75848297E-13
   0.73016330E-13
   0.70294017E-13
   0.67676938E-13
   0.65160857E-13
   0.62741715E-13
   0.60415624E-13
   0.58178857E-13
   0.56027844E-13
   0.53959162E-13
   0.51969532E-13
   0.50055809E-13
   0.48214979E-13
   0.46444155E-13
   0.44740566E-13
   0.43101557E-13
   0.41524581E-13
   0.40007198E-13
   0.38547066E-13
   0.37141939E-13
   0.35789664E-13
   0.34488176E-13
   0.33235493E-13
   0.32029713E-13
   0.30869015E-13
   0.29751647E-13
   0.28675930E-13
   0.27640255E-13
   0.26643074E-13
   0.25682904E-13
   0.24758321E-13
   0.23867957E-13
   0.23010501E-13
   0.22184691E-13
   0.21389319E-13
   0.20623223E-13
   0.19885289E-13
   0.19174444E-13
   0.18489660E-13
   0.17829949E-13
   0.17194363E-13
   0.16581990E-13
   0.15991953E-13
   0.15423413E-13
   0.14875560E-13
   0.14347617E-13
   0.13838839E-13
   0.13348507E-13
   0.12875933E-13
   0.12420453E-13
   0.11981432E-13
   0.11558255E-13
   0.11150336E-13
   0.10757107E-13
   0.10378024E-13
   0.10012565E-13
   0.96602259E-14
   0.93205228E-14
   0.89929902E-14
   0.86771805E-14
   0.83726630E-14
   0.80790235E-14
   0.77958634E-14
   0.75227992E-14
   0.72594621E-14
   0.70054970E-14
   0.67605623E-14
   0.65243293E-14
   0.62964815E-14
   0.60767145E-14
   0.58647352E-14
   0.56602613E-14
   0.54630214E-14
   0.52727539E-14
   0.50892071E-14
   0.49121386E-14
   0.47413151E-14
   0.45765117E-14
   0.44175122E-14
   0.42641081E-14
   0.41160987E-14
   0.39732906E-14
   0.38354977E-14
   0.37025406E-14
   0.35742466E-14
   0.34504491E-14
   0.33309880E-14
   0.32157085E-14
   0.31044620E-14
   0.29971050E-14
   0.28934993E-14
   0.27935118E-14
   0.26970141E-14
   0.26038825E-14
   0.25139978E-14
   0.24272453E-14
   0.23435140E-14
   0.22626974E-14
   0.21846926E-14
   0.21094003E-14
   0.20367250E-14
   0.19665746E-14
   0.18988601E-14
   0.18334959E-14
   0.17703994E-14
   0.17094910E-14
   0.16506939E-14
   0.15939340E-14
   0.15391399E-14
   0.14862428E-14
   0.14351763E-14
   0.13858764E-14
   0.13382812E-14
   0.12923312E-14
   0.12479690E-14
   0.12051392E-14
   0.11637882E-14
   0.11238646E-14
   0.10853186E-14
   0.10481022E-14
   0.10121692E-14
   0.97747484E-15
   0.94397614E-15
   0.91163150E-15
   0.88040086E-15
   0.85024551E-15
   0.82112815E-15
   0.79301276E-15
   0.76586461E-15
   0.73965015E-15
   0.71433706E-15
   0.68989410E-15
   0.66629116E-15
   0.64349917E-15
   0.62149008E-15
   0.60023681E-15
   0.57971325E-15
   0.55989419E-15
   0.54075528E-15
   0.52227305E-15
   0.50442482E-15
   0.48718874E-15
   0.47054367E-15
   0.45446925E-15
   0.43894579E-15
   0.42395433E-15
   0.40947653E-15
   0.39549469E-15
   0.38199176E-15
   0.36895123E-15
   0.35635721E-15
   0.34419434E-15
   0.33244778E-15
   0.32110322E-15
   0.31014685E-15
   0.29956532E-15
   0.28934576E-15
   0.27947574E-15
   0.26994326E-15
   0.26073672E-15
   0.25184494E-15
   0.24325712E-15
   0.23496283E-15
   0.22695200E-15
   0.21921492E-15
   0.21174219E-15
   0.20452476E-15
   0.19755387E-15
   0.19082109E-15
   0.18431824E-15
   0.17803746E-15
   0.17197115E-15
   0.16611195E-15
   0.16045278E-15
   0.15498679E-15
   0.14970737E-15
   0.14460814E-15
   0.13968294E-15
   0.13492580E-15
   0.13033099E-15
   0.12589295E-15
   0.12160633E-15
   0.11746594E-15
   0.11346679E-15
   0.10960406E-15
   0.10587308E-15
   0.10226935E-15
   0.98788523E-16
   0.95426407E-16
   0.92178946E-16
   0.89042225E-16
   0.86012464E-16
   0.83086012E-16
   0.80259344E-16
   0.77529054E-16
   0.74891855E-16
   0.72344571E-16
   0.69884135E-16
   0.67507586E-16
   0.65212063E-16
   0.62994804E-16
   0.60853141E-16
   0.58784499E-16
   0.56786387E-16
   0.54856404E-16
   0.52992229E-16
   0.51191619E-16
   0.49452412E-16
   0.47772515E-16
   0.46149910E-16
   0.44582647E-16
   0.43068842E-16
   0.41606677E-16
   0.40194396E-16
   0.38830301E-16
   0.37512755E-16
   0.36240175E-16
   0.35011033E-16
   0.33823853E-16
   0.32677210E-16
   0.31569727E-16
   0.30500074E-16
   0.29466969E-16
   0.28469171E-16
   0.27505482E-16
   0.26574746E-16
   0.25675847E-16
   0.24807705E-16
   0.23969280E-16
   0.23159565E-16
   0.22377590E-16
   0.21622415E-16
   0.20893136E-16
   0.20188877E-16
   0.19508794E-16
   0.18852072E-16
   0.18217922E-16
   0.17605584E-16
   0.17014324E-16
   0.16443433E-16
   0.15892225E-16
   0.15360041E-16
   0.14846242E-16
   0.14350211E-16
   0.13871353E-16
   0.13409095E-16
   0.12962881E-16
   0.12532177E-16
   0.12116464E-16
   0.11715245E-16
   0.11328038E-16
   0.10954378E-16
   0.10593815E-16
   0.10245917E-16
   0.99102654E-17
   0.95864567E-17
   0.92741011E-17
   0.89728226E-17
   0.86822581E-17
   0.84020574E-17
   0.81318821E-17
   0.78714058E-17
   0.76203134E-17
   0.73783007E-17
   0.71450741E-17
   0.69203501E-17
   0.67038550E-17
   0.64953245E-17
   0.62945033E-17
   0.61011451E-17
   0.59150115E-17
   0.57358727E-17
   0.55635063E-17
   0.53976974E-17
   0.52382382E-17
   0.50849277E-17
   0.49375715E-17
   0.47959814E-17
   0.46599751E-17
   0.45293761E-17
   0.44040131E-17
   0.42837203E-17
   0.41683366E-17
   0.40577054E-17
   0.39516749E-17
   0.38500973E-17
   0.37528288E-17
   0.36597293E-17
   0.35706626E-17
   0.34854956E-17
   0.34040986E-17
   0.33263449E-17
   0.32521108E-17
   0.31812753E-17
   0.31137202E-17
   0.30493297E-17
   0.29879908E-17
   0.29295926E-17
   0.28740266E-17
   0.28211867E-17
   0.27709690E-17
   0.27232719E-17
   0.26779958E-17
   0.26350436E-17
   0.25943201E-17
   0.25557327E-17
   0.25191906E-17
   0.24846056E-17
   0.24518915E-17
   0.24209648E-17
   0.23917439E-17
   0.23641498E-17
   0.23381058E-17
   0.23135376E-17
   0.22903733E-17
   0.22685435E-17
