   0.10000000E+01   0.22594471E-01
   0.20000000E+01   0.16159388E-01
   0.30000000E+01   0.97243045E-02
   0.40000000E+01   0.82216790E-02
   0.50000000E+01   0.78145042E-02
   0.60000000E+01   0.74017036E-02
   0.70000000E+01   0.71446635E-02
   0.80000000E+01   0.69977729E-02
   0.90000000E+01   0.68817907E-02
   0.10000000E+02   0.67899502E-02
   0.11000000E+02   0.67301723E-02
   0.12000000E+02   0.66966517E-02
   0.13000000E+02   0.66813463E-02
   0.14000000E+02   0.66809927E-02
   0.15000000E+02   0.66935226E-02
   0.16000000E+02   0.67170234E-02
   0.17000000E+02   0.67502063E-02
   0.18000000E+02   0.67919388E-02
   0.19000000E+02   0.68410881E-02
   0.20000000E+02   0.68965215E-02
   0.21000000E+02   0.69572450E-02
   0.22000000E+02   0.70228200E-02
   0.23000000E+02   0.70929463E-02
   0.24000000E+02   0.71673239E-02
   0.25000000E+02   0.72456528E-02
   0.26000000E+02   0.73276329E-02
   0.27000000E+02   0.74129643E-02
   0.28000000E+02   0.75013469E-02
   0.29000000E+02   0.75924806E-02
   0.30000000E+02   0.76860655E-02
   0.31000000E+02   0.77818425E-02
   0.32000000E+02   0.78797164E-02
   0.33000000E+02   0.79796330E-02
   0.34000000E+02   0.80815381E-02
   0.35000000E+02   0.81853775E-02
   0.36000000E+02   0.82910969E-02
   0.37000000E+02   0.83986423E-02
   0.38000000E+02   0.85079593E-02
   0.39000000E+02   0.86189938E-02
   0.40000000E+02   0.87316915E-02
   0.41000000E+02   0.88459995E-02
   0.42000000E+02   0.89618694E-02
   0.43000000E+02   0.90792539E-02
   0.44000000E+02   0.91981059E-02
   0.45000000E+02   0.93183783E-02
   0.46000000E+02   0.94400239E-02
   0.47000000E+02   0.95629954E-02
   0.48000000E+02   0.96872457E-02
   0.49000000E+02   0.98127277E-02
   0.50000000E+02   0.99393940E-02
   0.51000000E+02   0.10067213E-01
   0.52000000E+02   0.10196217E-01
   0.53000000E+02   0.10326453E-01
   0.54000000E+02   0.10457968E-01
   0.55000000E+02   0.10590809E-01
   0.56000000E+02   0.10725024E-01
   0.57000000E+02   0.10860659E-01
   0.58000000E+02   0.10997763E-01
   0.59000000E+02   0.11136382E-01
   0.60000000E+02   0.11276563E-01
   0.61000000E+02   0.11418346E-01
   0.62000000E+02   0.11561735E-01
   0.63000000E+02   0.11706725E-01
   0.64000000E+02   0.11853312E-01
   0.65000000E+02   0.12001491E-01
   0.66000000E+02   0.12151259E-01
   0.67000000E+02   0.12302611E-01
   0.68000000E+02   0.12455542E-01
   0.69000000E+02   0.12610049E-01
   0.70000000E+02   0.12766127E-01
   0.71000000E+02   0.12923774E-01
   0.72000000E+02   0.13082995E-01
   0.73000000E+02   0.13243800E-01
   0.74000000E+02   0.13406195E-01
   0.75000000E+02   0.13570190E-01
   0.76000000E+02   0.13735793E-01
   0.77000000E+02   0.13903012E-01
   0.78000000E+02   0.14071854E-01
   0.79000000E+02   0.14242328E-01
   0.80000000E+02   0.14414443E-01
   0.81000000E+02   0.14588204E-01
   0.82000000E+02   0.14763609E-01
   0.83000000E+02   0.14940654E-01
   0.84000000E+02   0.15119334E-01
   0.85000000E+02   0.15299646E-01
   0.86000000E+02   0.15481584E-01
   0.87000000E+02   0.15665145E-01
   0.88000000E+02   0.15850325E-01
   0.89000000E+02   0.16037118E-01
   0.90000000E+02   0.16225522E-01
   0.91000000E+02   0.16415527E-01
   0.92000000E+02   0.16607118E-01
   0.93000000E+02   0.16800272E-01
   0.94000000E+02   0.16994968E-01
   0.95000000E+02   0.17191186E-01
   0.96000000E+02   0.17388905E-01
   0.97000000E+02   0.17588104E-01
   0.98000000E+02   0.17788762E-01
   0.99000000E+02   0.17990857E-01
   0.10000000E+03   0.18194369E-01
   0.10100000E+03   0.18399275E-01
   0.10200000E+03   0.18605541E-01
   0.10300000E+03   0.18813132E-01
   0.10400000E+03   0.19022012E-01
   0.10500000E+03   0.19232145E-01
   0.10600000E+03   0.19443496E-01
   0.10700000E+03   0.19656029E-01
   0.10800000E+03   0.19869708E-01
   0.10900000E+03   0.20084498E-01
   0.11000000E+03   0.20300363E-01
   0.11100000E+03   0.20517267E-01
   0.11200000E+03   0.20735174E-01
   0.11300000E+03   0.20954050E-01
   0.11400000E+03   0.21173858E-01
   0.11500000E+03   0.21394563E-01
   0.11600000E+03   0.21616128E-01
   0.11700000E+03   0.21838519E-01
   0.11800000E+03   0.22061700E-01
   0.11900000E+03   0.22285634E-01
   0.12000000E+03   0.22510287E-01
   0.12100000E+03   0.22735618E-01
   0.12200000E+03   0.22961568E-01
   0.12300000E+03   0.23188073E-01
   0.12400000E+03   0.23415070E-01
   0.12500000E+03   0.23642494E-01
   0.12600000E+03   0.23870283E-01
   0.12700000E+03   0.24098373E-01
   0.12800000E+03   0.24326699E-01
   0.12900000E+03   0.24555199E-01
   0.13000000E+03   0.24783809E-01
   0.13100000E+03   0.25012464E-01
   0.13200000E+03   0.25241102E-01
   0.13300000E+03   0.25469658E-01
   0.13400000E+03   0.25698069E-01
   0.13500000E+03   0.25926272E-01
   0.13600000E+03   0.26154202E-01
   0.13700000E+03   0.26381797E-01
   0.13800000E+03   0.26608991E-01
   0.13900000E+03   0.26835722E-01
   0.14000000E+03   0.27061926E-01
   0.14100000E+03   0.27287540E-01
   0.14200000E+03   0.27512497E-01
   0.14300000E+03   0.27736732E-01
   0.14400000E+03   0.27960181E-01
   0.14500000E+03   0.28182778E-01
   0.14600000E+03   0.28404457E-01
   0.14700000E+03   0.28625153E-01
   0.14800000E+03   0.28844802E-01
   0.14900000E+03   0.29063336E-01
   0.15000000E+03   0.29280691E-01
   0.15100000E+03   0.29496803E-01
   0.15200000E+03   0.29711604E-01
   0.15300000E+03   0.29925030E-01
   0.15400000E+03   0.30137016E-01
   0.15500000E+03   0.30347496E-01
   0.15600000E+03   0.30556405E-01
   0.15700000E+03   0.30763678E-01
   0.15800000E+03   0.30969248E-01
   0.15900000E+03   0.31173052E-01
   0.16000000E+03   0.31375022E-01
   0.16100000E+03   0.31575096E-01
   0.16200000E+03   0.31773212E-01
   0.16300000E+03   0.31969311E-01
   0.16400000E+03   0.32163334E-01
   0.16500000E+03   0.32355221E-01
   0.16600000E+03   0.32544912E-01
   0.16700000E+03   0.32732349E-01
   0.16800000E+03   0.32917471E-01
   0.16900000E+03   0.33100219E-01
   0.17000000E+03   0.33280533E-01
   0.17100000E+03   0.33458355E-01
   0.17200000E+03   0.33633624E-01
   0.17300000E+03   0.33806282E-01
   0.17400000E+03   0.33976268E-01
   0.17500000E+03   0.34143523E-01
   0.17600000E+03   0.34307988E-01
   0.17700000E+03   0.34469603E-01
   0.17800000E+03   0.34628309E-01
   0.17900000E+03   0.34784046E-01
   0.18000000E+03   0.34936755E-01
   0.18100000E+03   0.35086378E-01
   0.18200000E+03   0.35232867E-01
   0.18300000E+03   0.35376178E-01
   0.18400000E+03   0.35516264E-01
   0.18500000E+03   0.35653081E-01
   0.18600000E+03   0.35786581E-01
   0.18700000E+03   0.35916720E-01
   0.18800000E+03   0.36043452E-01
   0.18900000E+03   0.36166732E-01
   0.19000000E+03   0.36286514E-01
   0.19100000E+03   0.36402752E-01
   0.19200000E+03   0.36515401E-01
   0.19300000E+03   0.36624415E-01
   0.19400000E+03   0.36729749E-01
   0.19500000E+03   0.36831357E-01
   0.19600000E+03   0.36929194E-01
   0.19700000E+03   0.37023213E-01
   0.19800000E+03   0.37113370E-01
   0.19900000E+03   0.37199619E-01
   0.20000000E+03   0.37281913E-01
   0.20100000E+03   0.37360214E-01
   0.20200000E+03   0.37434502E-01
   0.20300000E+03   0.37504764E-01
   0.20400000E+03   0.37570986E-01
   0.20500000E+03   0.37633156E-01
   0.20600000E+03   0.37691259E-01
   0.20700000E+03   0.37745282E-01
   0.20800000E+03   0.37795213E-01
   0.20900000E+03   0.37841037E-01
   0.21000000E+03   0.37882741E-01
   0.21100000E+03   0.37920312E-01
   0.21200000E+03   0.37953736E-01
   0.21300000E+03   0.37983001E-01
   0.21400000E+03   0.38008092E-01
   0.21500000E+03   0.38028996E-01
   0.21600000E+03   0.38045700E-01
   0.21700000E+03   0.38058191E-01
   0.21800000E+03   0.38066455E-01
   0.21900000E+03   0.38070479E-01
   0.22000000E+03   0.38070249E-01
   0.22100000E+03   0.38065753E-01
   0.22200000E+03   0.38056975E-01
   0.22300000E+03   0.38043905E-01
   0.22400000E+03   0.38026526E-01
   0.22500000E+03   0.38004828E-01
   0.22600000E+03   0.37978803E-01
   0.22700000E+03   0.37948476E-01
   0.22800000E+03   0.37913878E-01
   0.22900000E+03   0.37875041E-01
   0.23000000E+03   0.37831996E-01
   0.23100000E+03   0.37784776E-01
   0.23200000E+03   0.37733411E-01
   0.23300000E+03   0.37677933E-01
   0.23400000E+03   0.37618374E-01
   0.23500000E+03   0.37554765E-01
   0.23600000E+03   0.37487139E-01
   0.23700000E+03   0.37415526E-01
   0.23800000E+03   0.37339958E-01
   0.23900000E+03   0.37260466E-01
   0.24000000E+03   0.37177083E-01
   0.24100000E+03   0.37089840E-01
   0.24200000E+03   0.36998769E-01
   0.24300000E+03   0.36903900E-01
   0.24400000E+03   0.36805266E-01
   0.24500000E+03   0.36702898E-01
   0.24600000E+03   0.36596828E-01
   0.24700000E+03   0.36487088E-01
   0.24800000E+03   0.36373708E-01
   0.24900000E+03   0.36256721E-01
   0.25000000E+03   0.36136158E-01
   0.25100000E+03   0.36012054E-01
   0.25200000E+03   0.35884454E-01
   0.25300000E+03   0.35753409E-01
   0.25400000E+03   0.35618968E-01
   0.25500000E+03   0.35481180E-01
   0.25600000E+03   0.35340093E-01
   0.25700000E+03   0.35195759E-01
   0.25800000E+03   0.35048225E-01
   0.25900000E+03   0.34897541E-01
   0.26000000E+03   0.34743757E-01
   0.26100000E+03   0.34586921E-01
   0.26200000E+03   0.34427083E-01
   0.26300000E+03   0.34264293E-01
   0.26400000E+03   0.34098599E-01
   0.26500000E+03   0.33930052E-01
   0.26600000E+03   0.33758699E-01
   0.26700000E+03   0.33584591E-01
   0.26800000E+03   0.33407777E-01
   0.26900000E+03   0.33228306E-01
   0.27000000E+03   0.33046228E-01
   0.27100000E+03   0.32861591E-01
   0.27200000E+03   0.32674445E-01
   0.27300000E+03   0.32484839E-01
   0.27400000E+03   0.32292824E-01
   0.27500000E+03   0.32098447E-01
   0.27600000E+03   0.31901763E-01
   0.27700000E+03   0.31702845E-01
   0.27800000E+03   0.31501773E-01
   0.27900000E+03   0.31298624E-01
   0.28000000E+03   0.31093476E-01
   0.28100000E+03   0.30886407E-01
   0.28200000E+03   0.30677497E-01
   0.28300000E+03   0.30466823E-01
   0.28400000E+03   0.30254464E-01
   0.28500000E+03   0.30040498E-01
   0.28600000E+03   0.29825002E-01
   0.28700000E+03   0.29608056E-01
   0.28800000E+03   0.29389738E-01
   0.28900000E+03   0.29170126E-01
   0.29000000E+03   0.28949299E-01
   0.29100000E+03   0.28727334E-01
   0.29200000E+03   0.28504310E-01
   0.29300000E+03   0.28280305E-01
   0.29400000E+03   0.28055398E-01
   0.29500000E+03   0.27829666E-01
   0.29600000E+03   0.27603189E-01
   0.29700000E+03   0.27376044E-01
   0.29800000E+03   0.27148310E-01
   0.29900000E+03   0.26920065E-01
   0.30000000E+03   0.26691387E-01
   0.30100000E+03   0.26462352E-01
   0.30200000E+03   0.26233024E-01
   0.30300000E+03   0.26003465E-01
   0.30400000E+03   0.25773737E-01
   0.30500000E+03   0.25543901E-01
   0.30600000E+03   0.25314018E-01
   0.30700000E+03   0.25084152E-01
   0.30800000E+03   0.24854362E-01
   0.30900000E+03   0.24624711E-01
   0.31000000E+03   0.24395260E-01
   0.31100000E+03   0.24166072E-01
   0.31200000E+03   0.23937207E-01
   0.31300000E+03   0.23708727E-01
   0.31400000E+03   0.23480695E-01
   0.31500000E+03   0.23253171E-01
   0.31600000E+03   0.23026217E-01
   0.31700000E+03   0.22799895E-01
   0.31800000E+03   0.22574267E-01
   0.31900000E+03   0.22349395E-01
   0.32000000E+03   0.22125339E-01
   0.32100000E+03   0.21902161E-01
   0.32200000E+03   0.21679924E-01
   0.32300000E+03   0.21458688E-01
   0.32400000E+03   0.21238516E-01
   0.32500000E+03   0.21019469E-01
   0.32600000E+03   0.20801609E-01
   0.32700000E+03   0.20584997E-01
   0.32800000E+03   0.20369696E-01
   0.32900000E+03   0.20155765E-01
   0.33000000E+03   0.19943269E-01
   0.33100000E+03   0.19732267E-01
   0.33200000E+03   0.19522822E-01
   0.33300000E+03   0.19314995E-01
   0.33400000E+03   0.19108848E-01
   0.33500000E+03   0.18904443E-01
   0.33600000E+03   0.18701840E-01
   0.33700000E+03   0.18501103E-01
   0.33800000E+03   0.18302292E-01
   0.33900000E+03   0.18105470E-01
   0.34000000E+03   0.17910697E-01
   0.34100000E+03   0.17718035E-01
   0.34200000E+03   0.17527547E-01
   0.34300000E+03   0.17339293E-01
   0.34400000E+03   0.17153336E-01
   0.34500000E+03   0.16969737E-01
   0.34600000E+03   0.16788557E-01
   0.34700000E+03   0.16609859E-01
   0.34800000E+03   0.16433704E-01
   0.34900000E+03   0.16260153E-01
   0.35000000E+03   0.16089269E-01
   0.35100000E+03   0.15921103E-01
   0.35200000E+03   0.15755671E-01
   0.35300000E+03   0.15592979E-01
   0.35400000E+03   0.15433032E-01
   0.35500000E+03   0.15275837E-01
   0.35600000E+03   0.15121399E-01
   0.35700000E+03   0.14969725E-01
   0.35800000E+03   0.14820819E-01
   0.35900000E+03   0.14674689E-01
   0.36000000E+03   0.14531340E-01
   0.36100000E+03   0.14390778E-01
   0.36200000E+03   0.14253008E-01
   0.36300000E+03   0.14118038E-01
   0.36400000E+03   0.13985871E-01
   0.36500000E+03   0.13856516E-01
   0.36600000E+03   0.13729976E-01
   0.36700000E+03   0.13606259E-01
   0.36800000E+03   0.13485371E-01
   0.36900000E+03   0.13367316E-01
   0.37000000E+03   0.13252101E-01
   0.37100000E+03   0.13139732E-01
   0.37200000E+03   0.13030215E-01
   0.37300000E+03   0.12923556E-01
   0.37400000E+03   0.12819760E-01
   0.37500000E+03   0.12718834E-01
   0.37600000E+03   0.12620783E-01
   0.37700000E+03   0.12525614E-01
   0.37800000E+03   0.12433331E-01
   0.37900000E+03   0.12343942E-01
   0.38000000E+03   0.12257452E-01
   0.38100000E+03   0.12173866E-01
   0.38200000E+03   0.12093192E-01
   0.38300000E+03   0.12015434E-01
   0.38400000E+03   0.11940599E-01
   0.38500000E+03   0.11868692E-01
   0.38600000E+03   0.11799719E-01
   0.38700000E+03   0.11733687E-01
   0.38800000E+03   0.11670601E-01
   0.38900000E+03   0.11610467E-01
   0.39000000E+03   0.11553292E-01
   0.39100000E+03   0.11499080E-01
   0.39200000E+03   0.11447837E-01
   0.39300000E+03   0.11399571E-01
   0.39400000E+03   0.11354286E-01
   0.39500000E+03   0.11311988E-01
   0.39600000E+03   0.11272684E-01
   0.39700000E+03   0.11236380E-01
   0.39800000E+03   0.11203080E-01
   0.39900000E+03   0.11172792E-01
   0.40000000E+03   0.11145520E-01
   0.40100000E+03   0.11121263E-01
   0.40200000E+03   0.11099984E-01
   0.40300000E+03   0.11081637E-01
   0.40400000E+03   0.11066178E-01
   0.40500000E+03   0.11053562E-01
   0.40600000E+03   0.11043744E-01
   0.40700000E+03   0.11036678E-01
   0.40800000E+03   0.11032320E-01
   0.40900000E+03   0.11030624E-01
   0.41000000E+03   0.11031546E-01
   0.41100000E+03   0.11035040E-01
   0.41200000E+03   0.11041062E-01
   0.41300000E+03   0.11049566E-01
   0.41400000E+03   0.11060507E-01
   0.41500000E+03   0.11073841E-01
   0.41600000E+03   0.11089521E-01
   0.41700000E+03   0.11107504E-01
   0.41800000E+03   0.11127744E-01
   0.41900000E+03   0.11150196E-01
   0.42000000E+03   0.11174815E-01
   0.42100000E+03   0.11201556E-01
   0.42200000E+03   0.11230374E-01
   0.42300000E+03   0.11261224E-01
   0.42400000E+03   0.11294061E-01
   0.42500000E+03   0.11328839E-01
   0.42600000E+03   0.11365514E-01
   0.42700000E+03   0.11404041E-01
   0.42800000E+03   0.11444375E-01
   0.42900000E+03   0.11486470E-01
   0.43000000E+03   0.11530281E-01
   0.43100000E+03   0.11575765E-01
   0.43200000E+03   0.11622874E-01
   0.43300000E+03   0.11671566E-01
   0.43400000E+03   0.11721793E-01
   0.43500000E+03   0.11773512E-01
   0.43600000E+03   0.11826677E-01
   0.43700000E+03   0.11881243E-01
   0.43800000E+03   0.11937166E-01
   0.43900000E+03   0.11994400E-01
   0.44000000E+03   0.12052900E-01
   0.44100000E+03   0.12112620E-01
   0.44200000E+03   0.12173517E-01
   0.44300000E+03   0.12235545E-01
   0.44400000E+03   0.12298659E-01
   0.44500000E+03   0.12362814E-01
   0.44600000E+03   0.12427964E-01
   0.44700000E+03   0.12494066E-01
   0.44800000E+03   0.12561073E-01
   0.44900000E+03   0.12628941E-01
   0.45000000E+03   0.12697624E-01
   0.45100000E+03   0.12767078E-01
   0.45200000E+03   0.12837258E-01
   0.45300000E+03   0.12908120E-01
   0.45400000E+03   0.12979618E-01
   0.45500000E+03   0.13051709E-01
   0.45600000E+03   0.13124347E-01
   0.45700000E+03   0.13197489E-01
   0.45800000E+03   0.13271088E-01
   0.45900000E+03   0.13345102E-01
   0.46000000E+03   0.13419485E-01
   0.46100000E+03   0.13494193E-01
   0.46200000E+03   0.13569181E-01
   0.46300000E+03   0.13644405E-01
   0.46400000E+03   0.13719820E-01
   0.46500000E+03   0.13795380E-01
   0.46600000E+03   0.13871043E-01
   0.46700000E+03   0.13946763E-01
   0.46800000E+03   0.14022496E-01
   0.46900000E+03   0.14098196E-01
   0.47000000E+03   0.14173820E-01
   0.47100000E+03   0.14249323E-01
   0.47200000E+03   0.14324661E-01
   0.47300000E+03   0.14399787E-01
   0.47400000E+03   0.14474659E-01
   0.47500000E+03   0.14549232E-01
   0.47600000E+03   0.14623460E-01
   0.47700000E+03   0.14697300E-01
   0.47800000E+03   0.14770707E-01
   0.47900000E+03   0.14843635E-01
   0.48000000E+03   0.14916042E-01
   0.48100000E+03   0.14987881E-01
   0.48200000E+03   0.15059109E-01
   0.48300000E+03   0.15129680E-01
   0.48400000E+03   0.15199551E-01
   0.48500000E+03   0.15268676E-01
   0.48600000E+03   0.15337011E-01
   0.48700000E+03   0.15404512E-01
   0.48800000E+03   0.15471134E-01
   0.48900000E+03   0.15536832E-01
   0.49000000E+03   0.15601562E-01
   0.49100000E+03   0.15665279E-01
   0.49200000E+03   0.15727938E-01
   0.49300000E+03   0.15789495E-01
   0.49400000E+03   0.15849906E-01
   0.49500000E+03   0.15909125E-01
   0.49600000E+03   0.15967109E-01
   0.49700000E+03   0.16023812E-01
   0.49800000E+03   0.16079191E-01
   0.49900000E+03   0.16133199E-01
   0.50000000E+03   0.16185794E-01
   0.50100000E+03   0.16236936E-01
   0.50200000E+03   0.16286617E-01
   0.50300000E+03   0.16334832E-01
   0.50400000E+03   0.16381578E-01
   0.50500000E+03   0.16426851E-01
   0.50600000E+03   0.16470649E-01
   0.50700000E+03   0.16512968E-01
   0.50800000E+03   0.16553804E-01
   0.50900000E+03   0.16593155E-01
   0.51000000E+03   0.16631016E-01
   0.51100000E+03   0.16667385E-01
   0.51200000E+03   0.16702257E-01
   0.51300000E+03   0.16735630E-01
   0.51400000E+03   0.16767500E-01
   0.51500000E+03   0.16797864E-01
   0.51600000E+03   0.16826719E-01
   0.51700000E+03   0.16854060E-01
   0.51800000E+03   0.16879885E-01
   0.51900000E+03   0.16904190E-01
   0.52000000E+03   0.16926972E-01
   0.52100000E+03   0.16948227E-01
   0.52200000E+03   0.16967953E-01
   0.52300000E+03   0.16986145E-01
   0.52400000E+03   0.17002800E-01
   0.52500000E+03   0.17017915E-01
   0.52600000E+03   0.17031486E-01
   0.52700000E+03   0.17043511E-01
   0.52800000E+03   0.17053985E-01
   0.52900000E+03   0.17062906E-01
   0.53000000E+03   0.17070270E-01
   0.53100000E+03   0.17076073E-01
   0.53200000E+03   0.17080312E-01
   0.53300000E+03   0.17082984E-01
   0.53400000E+03   0.17084085E-01
   0.53500000E+03   0.17083612E-01
   0.53600000E+03   0.17081562E-01
   0.53700000E+03   0.17077930E-01
   0.53800000E+03   0.17072715E-01
   0.53900000E+03   0.17065912E-01
   0.54000000E+03   0.17057518E-01
   0.54100000E+03   0.17047530E-01
   0.54200000E+03   0.17035943E-01
   0.54300000E+03   0.17022756E-01
   0.54400000E+03   0.17007964E-01
   0.54500000E+03   0.16991564E-01
   0.54600000E+03   0.16973553E-01
   0.54700000E+03   0.16953927E-01
   0.54800000E+03   0.16932682E-01
   0.54900000E+03   0.16909817E-01
   0.55000000E+03   0.16885326E-01
   0.55100000E+03   0.16859213E-01
   0.55200000E+03   0.16831503E-01
   0.55300000E+03   0.16802229E-01
   0.55400000E+03   0.16771423E-01
   0.55500000E+03   0.16739115E-01
   0.55600000E+03   0.16705339E-01
   0.55700000E+03   0.16670126E-01
   0.55800000E+03   0.16633508E-01
   0.55900000E+03   0.16595516E-01
   0.56000000E+03   0.16556184E-01
   0.56100000E+03   0.16515542E-01
   0.56200000E+03   0.16473623E-01
   0.56300000E+03   0.16430458E-01
   0.56400000E+03   0.16386080E-01
   0.56500000E+03   0.16340519E-01
   0.56600000E+03   0.16293809E-01
   0.56700000E+03   0.16245981E-01
   0.56800000E+03   0.16197067E-01
   0.56900000E+03   0.16147099E-01
   0.57000000E+03   0.16096109E-01
   0.57100000E+03   0.16044128E-01
   0.57200000E+03   0.15991189E-01
   0.57300000E+03   0.15937324E-01
   0.57400000E+03   0.15882563E-01
   0.57500000E+03   0.15826940E-01
   0.57600000E+03   0.15770487E-01
   0.57700000E+03   0.15713234E-01
   0.57800000E+03   0.15655214E-01
   0.57900000E+03   0.15596459E-01
   0.58000000E+03   0.15537001E-01
   0.58100000E+03   0.15476871E-01
   0.58200000E+03   0.15416102E-01
   0.58300000E+03   0.15354725E-01
   0.58400000E+03   0.15292773E-01
   0.58500000E+03   0.15230277E-01
   0.58600000E+03   0.15167269E-01
   0.58700000E+03   0.15103782E-01
   0.58800000E+03   0.15039846E-01
   0.58900000E+03   0.14975494E-01
   0.59000000E+03   0.14910758E-01
   0.59100000E+03   0.14845669E-01
   0.59200000E+03   0.14780260E-01
   0.59300000E+03   0.14714562E-01
   0.59400000E+03   0.14648608E-01
   0.59500000E+03   0.14582429E-01
   0.59600000E+03   0.14516057E-01
   0.59700000E+03   0.14449524E-01
   0.59800000E+03   0.14382862E-01
   0.59900000E+03   0.14316103E-01
   0.60000000E+03   0.14249279E-01
   0.60100000E+03   0.14182421E-01
   0.60200000E+03   0.14115558E-01
   0.60300000E+03   0.14048719E-01
   0.60400000E+03   0.13981933E-01
   0.60500000E+03   0.13915230E-01
   0.60600000E+03   0.13848636E-01
   0.60700000E+03   0.13782182E-01
   0.60800000E+03   0.13715896E-01
   0.60900000E+03   0.13649806E-01
   0.61000000E+03   0.13583942E-01
   0.61100000E+03   0.13518333E-01
   0.61200000E+03   0.13453007E-01
   0.61300000E+03   0.13387992E-01
   0.61400000E+03   0.13323318E-01
   0.61500000E+03   0.13259014E-01
   0.61600000E+03   0.13195108E-01
   0.61700000E+03   0.13131629E-01
   0.61800000E+03   0.13068606E-01
   0.61900000E+03   0.13006067E-01
   0.62000000E+03   0.12944041E-01
   0.62100000E+03   0.12882558E-01
   0.62200000E+03   0.12821645E-01
   0.62300000E+03   0.12761332E-01
   0.62400000E+03   0.12701647E-01
   0.62500000E+03   0.12642620E-01
   0.62600000E+03   0.12584278E-01
   0.62700000E+03   0.12526651E-01
   0.62800000E+03   0.12469768E-01
   0.62900000E+03   0.12413657E-01
   0.63000000E+03   0.12358347E-01
   0.63100000E+03   0.12303866E-01
   0.63200000E+03   0.12250244E-01
   0.63300000E+03   0.12197510E-01
   0.63400000E+03   0.12145692E-01
   0.63500000E+03   0.12094818E-01
   0.63600000E+03   0.12044918E-01
   0.63700000E+03   0.11996021E-01
   0.63800000E+03   0.11948155E-01
   0.63900000E+03   0.11901348E-01
   0.64000000E+03   0.11855631E-01
   0.64100000E+03   0.11811031E-01
   0.64200000E+03   0.11767577E-01
   0.64300000E+03   0.11725298E-01
   0.64400000E+03   0.11684223E-01
   0.64500000E+03   0.11644381E-01
   0.64600000E+03   0.11605800E-01
   0.64700000E+03   0.11568509E-01
   0.64800000E+03   0.11532537E-01
   0.64900000E+03   0.11497913E-01
   0.65000000E+03   0.11464665E-01
   0.65100000E+03   0.11432817E-01
   0.65200000E+03   0.11402370E-01
   0.65300000E+03   0.11373322E-01
   0.65400000E+03   0.11345667E-01
   0.65500000E+03   0.11319402E-01
   0.65600000E+03   0.11294524E-01
   0.65700000E+03   0.11271029E-01
   0.65800000E+03   0.11248913E-01
   0.65900000E+03   0.11228172E-01
   0.66000000E+03   0.11208803E-01
   0.66100000E+03   0.11190802E-01
   0.66200000E+03   0.11174164E-01
   0.66300000E+03   0.11158888E-01
   0.66400000E+03   0.11144967E-01
   0.66500000E+03   0.11132400E-01
   0.66600000E+03   0.11121182E-01
   0.66700000E+03   0.11111309E-01
   0.66800000E+03   0.11102779E-01
   0.66900000E+03   0.11095586E-01
   0.67000000E+03   0.11089727E-01
   0.67100000E+03   0.11085199E-01
   0.67200000E+03   0.11081997E-01
   0.67300000E+03   0.11080119E-01
   0.67400000E+03   0.11079559E-01
   0.67500000E+03   0.11080316E-01
   0.67600000E+03   0.11082384E-01
   0.67700000E+03   0.11085760E-01
   0.67800000E+03   0.11090441E-01
   0.67900000E+03   0.11096422E-01
   0.68000000E+03   0.11103700E-01
   0.68100000E+03   0.11112272E-01
   0.68200000E+03   0.11122132E-01
   0.68300000E+03   0.11133278E-01
   0.68400000E+03   0.11145707E-01
   0.68500000E+03   0.11159413E-01
   0.68600000E+03   0.11174394E-01
   0.68700000E+03   0.11190646E-01
   0.68800000E+03   0.11208164E-01
   0.68900000E+03   0.11226946E-01
   0.69000000E+03   0.11246987E-01
   0.69100000E+03   0.11268284E-01
   0.69200000E+03   0.11290833E-01
   0.69300000E+03   0.11314631E-01
   0.69400000E+03   0.11339673E-01
   0.69500000E+03   0.11365956E-01
   0.69600000E+03   0.11393476E-01
   0.69700000E+03   0.11422229E-01
   0.69800000E+03   0.11452212E-01
   0.69900000E+03   0.11483421E-01
   0.70000000E+03   0.11515852E-01
   0.70100000E+03   0.11549497E-01
   0.70200000E+03   0.11584332E-01
   0.70300000E+03   0.11620329E-01
   0.70400000E+03   0.11657459E-01
   0.70500000E+03   0.11695694E-01
   0.70600000E+03   0.11735005E-01
   0.70700000E+03   0.11775365E-01
   0.70800000E+03   0.11816743E-01
   0.70900000E+03   0.11859114E-01
   0.71000000E+03   0.11902447E-01
   0.71100000E+03   0.11946714E-01
   0.71200000E+03   0.11991888E-01
   0.71300000E+03   0.12037939E-01
   0.71400000E+03   0.12084839E-01
   0.71500000E+03   0.12132560E-01
   0.71600000E+03   0.12181074E-01
   0.71700000E+03   0.12230352E-01
   0.71800000E+03   0.12280365E-01
   0.71900000E+03   0.12331086E-01
   0.72000000E+03   0.12382485E-01
   0.72100000E+03   0.12434535E-01
   0.72200000E+03   0.12487207E-01
   0.72300000E+03   0.12540472E-01
   0.72400000E+03   0.12594303E-01
   0.72500000E+03   0.12648671E-01
   0.72600000E+03   0.12703547E-01
   0.72700000E+03   0.12758903E-01
   0.72800000E+03   0.12814711E-01
   0.72900000E+03   0.12870943E-01
   0.73000000E+03   0.12927569E-01
   0.73100000E+03   0.12984561E-01
   0.73200000E+03   0.13041892E-01
   0.73300000E+03   0.13099532E-01
   0.73400000E+03   0.13157453E-01
   0.73500000E+03   0.13215628E-01
   0.73600000E+03   0.13274027E-01
   0.73700000E+03   0.13332622E-01
   0.73800000E+03   0.13391384E-01
   0.73900000E+03   0.13450286E-01
   0.74000000E+03   0.13509299E-01
   0.74100000E+03   0.13568395E-01
   0.74200000E+03   0.13627544E-01
   0.74300000E+03   0.13686719E-01
   0.74400000E+03   0.13745891E-01
   0.74500000E+03   0.13805033E-01
   0.74600000E+03   0.13864115E-01
   0.74700000E+03   0.13923109E-01
   0.74800000E+03   0.13981986E-01
   0.74900000E+03   0.14040719E-01
   0.75000000E+03   0.14099279E-01
   0.75100000E+03   0.14157638E-01
   0.75200000E+03   0.14215771E-01
   0.75300000E+03   0.14273653E-01
   0.75400000E+03   0.14331259E-01
   0.75500000E+03   0.14388565E-01
   0.75600000E+03   0.14445547E-01
   0.75700000E+03   0.14502179E-01
   0.75800000E+03   0.14558437E-01
   0.75900000E+03   0.14614295E-01
   0.76000000E+03   0.14669731E-01
   0.76100000E+03   0.14724718E-01
   0.76200000E+03   0.14779232E-01
   0.76300000E+03   0.14833249E-01
   0.76400000E+03   0.14886743E-01
   0.76500000E+03   0.14939690E-01
   0.76600000E+03   0.14992066E-01
   0.76700000E+03   0.15043846E-01
   0.76800000E+03   0.15095005E-01
   0.76900000E+03   0.15145518E-01
   0.77000000E+03   0.15195361E-01
   0.77100000E+03   0.15244509E-01
   0.77200000E+03   0.15292937E-01
   0.77300000E+03   0.15340621E-01
   0.77400000E+03   0.15387536E-01
   0.77500000E+03   0.15433658E-01
   0.77600000E+03   0.15478961E-01
   0.77700000E+03   0.15523421E-01
   0.77800000E+03   0.15567013E-01
   0.77900000E+03   0.15609713E-01
   0.78000000E+03   0.15651497E-01
   0.78100000E+03   0.15692338E-01
   0.78200000E+03   0.15732213E-01
   0.78300000E+03   0.15771097E-01
   0.78400000E+03   0.15808966E-01
   0.78500000E+03   0.15845794E-01
   0.78600000E+03   0.15881557E-01
   0.78700000E+03   0.15916230E-01
   0.78800000E+03   0.15949789E-01
   0.78900000E+03   0.15982209E-01
   0.79000000E+03   0.16013466E-01
   0.79100000E+03   0.16043533E-01
   0.79200000E+03   0.16072388E-01
   0.79300000E+03   0.16100005E-01
   0.79400000E+03   0.16126360E-01
   0.79500000E+03   0.16151427E-01
   0.79600000E+03   0.16175183E-01
   0.79700000E+03   0.16197602E-01
   0.79800000E+03   0.16218661E-01
   0.79900000E+03   0.16238333E-01
   0.80000000E+03   0.16256595E-01
   0.80100000E+03   0.16273427E-01
   0.80200000E+03   0.16288828E-01
   0.80300000E+03   0.16302802E-01
   0.80400000E+03   0.16315354E-01
   0.80500000E+03   0.16326489E-01
   0.80600000E+03   0.16336209E-01
   0.80700000E+03   0.16344521E-01
   0.80800000E+03   0.16351427E-01
   0.80900000E+03   0.16356933E-01
   0.81000000E+03   0.16361043E-01
   0.81100000E+03   0.16363760E-01
   0.81200000E+03   0.16365090E-01
   0.81300000E+03   0.16365036E-01
   0.81400000E+03   0.16363604E-01
   0.81500000E+03   0.16360796E-01
   0.81600000E+03   0.16356618E-01
   0.81700000E+03   0.16351074E-01
   0.81800000E+03   0.16344168E-01
   0.81900000E+03   0.16335904E-01
   0.82000000E+03   0.16326288E-01
   0.82100000E+03   0.16315322E-01
   0.82200000E+03   0.16303012E-01
   0.82300000E+03   0.16289361E-01
   0.82400000E+03   0.16274374E-01
   0.82500000E+03   0.16258056E-01
   0.82600000E+03   0.16240410E-01
   0.82700000E+03   0.16221441E-01
   0.82800000E+03   0.16201154E-01
   0.82900000E+03   0.16179552E-01
   0.83000000E+03   0.16156639E-01
   0.83100000E+03   0.16132421E-01
   0.83200000E+03   0.16106902E-01
   0.83300000E+03   0.16080085E-01
   0.83400000E+03   0.16051975E-01
   0.83500000E+03   0.16022577E-01
   0.83600000E+03   0.15991894E-01
   0.83700000E+03   0.15959932E-01
   0.83800000E+03   0.15926694E-01
   0.83900000E+03   0.15892184E-01
   0.84000000E+03   0.15856407E-01
   0.84100000E+03   0.15819368E-01
   0.84200000E+03   0.15781070E-01
   0.84300000E+03   0.15741518E-01
   0.84400000E+03   0.15700717E-01
   0.84500000E+03   0.15658669E-01
   0.84600000E+03   0.15615381E-01
   0.84700000E+03   0.15570856E-01
   0.84800000E+03   0.15525098E-01
   0.84900000E+03   0.15478112E-01
   0.85000000E+03   0.15429901E-01
   0.85100000E+03   0.15380475E-01
   0.85200000E+03   0.15329852E-01
   0.85300000E+03   0.15278057E-01
   0.85400000E+03   0.15225114E-01
   0.85500000E+03   0.15171045E-01
   0.85600000E+03   0.15115875E-01
   0.85700000E+03   0.15059627E-01
   0.85800000E+03   0.15002324E-01
   0.85900000E+03   0.14943992E-01
   0.86000000E+03   0.14884652E-01
   0.86100000E+03   0.14824329E-01
   0.86200000E+03   0.14763046E-01
   0.86300000E+03   0.14700827E-01
   0.86400000E+03   0.14637696E-01
   0.86500000E+03   0.14573677E-01
   0.86600000E+03   0.14508792E-01
   0.86700000E+03   0.14443065E-01
   0.86800000E+03   0.14376521E-01
   0.86900000E+03   0.14309183E-01
   0.87000000E+03   0.14241074E-01
   0.87100000E+03   0.14172218E-01
   0.87200000E+03   0.14102638E-01
   0.87300000E+03   0.14032360E-01
   0.87400000E+03   0.13961405E-01
   0.87500000E+03   0.13889797E-01
   0.87600000E+03   0.13817561E-01
   0.87700000E+03   0.13744720E-01
   0.87800000E+03   0.13671298E-01
   0.87900000E+03   0.13597317E-01
   0.88000000E+03   0.13522803E-01
   0.88100000E+03   0.13447778E-01
   0.88200000E+03   0.13372265E-01
   0.88300000E+03   0.13296290E-01
   0.88400000E+03   0.13219875E-01
   0.88500000E+03   0.13143044E-01
   0.88600000E+03   0.13065820E-01
   0.88700000E+03   0.12988228E-01
   0.88800000E+03   0.12910291E-01
   0.88900000E+03   0.12832032E-01
   0.89000000E+03   0.12753475E-01
   0.89100000E+03   0.12674645E-01
   0.89200000E+03   0.12595563E-01
   0.89300000E+03   0.12516255E-01
   0.89400000E+03   0.12436743E-01
   0.89500000E+03   0.12357052E-01
   0.89600000E+03   0.12277204E-01
   0.89700000E+03   0.12197225E-01
   0.89800000E+03   0.12117136E-01
   0.89900000E+03   0.12036963E-01
   0.90000000E+03   0.11956728E-01
   0.90100000E+03   0.11876454E-01
   0.90200000E+03   0.11796165E-01
   0.90300000E+03   0.11715881E-01
   0.90400000E+03   0.11635624E-01
   0.90500000E+03   0.11555417E-01
   0.90600000E+03   0.11475280E-01
   0.90700000E+03   0.11395235E-01
   0.90800000E+03   0.11315305E-01
   0.90900000E+03   0.11235510E-01
   0.91000000E+03   0.11155872E-01
   0.91100000E+03   0.11076414E-01
   0.91200000E+03   0.10997156E-01
   0.91300000E+03   0.10918122E-01
   0.91400000E+03   0.10839331E-01
   0.91500000E+03   0.10760806E-01
   0.91600000E+03   0.10682569E-01
   0.91700000E+03   0.10604641E-01
   0.91800000E+03   0.10527044E-01
   0.91900000E+03   0.10449800E-01
   0.92000000E+03   0.10372930E-01
   0.92100000E+03   0.10296457E-01
   0.92200000E+03   0.10220401E-01
   0.92300000E+03   0.10144785E-01
   0.92400000E+03   0.10069630E-01
   0.92500000E+03   0.99949576E-02
   0.92600000E+03   0.99207901E-02
   0.92700000E+03   0.98471488E-02
   0.92800000E+03   0.97740556E-02
   0.92900000E+03   0.97015321E-02
   0.93000000E+03   0.96295999E-02
   0.93100000E+03   0.95582809E-02
   0.93200000E+03   0.94875966E-02
   0.93300000E+03   0.94175688E-02
   0.93400000E+03   0.93482193E-02
   0.93500000E+03   0.92795696E-02
   0.93600000E+03   0.92116414E-02
   0.93700000E+03   0.91444566E-02
   0.93800000E+03   0.90780368E-02
   0.93900000E+03   0.90124036E-02
   0.94000000E+03   0.89475788E-02
   0.94100000E+03   0.88835840E-02
   0.94200000E+03   0.88204411E-02
   0.94300000E+03   0.87581716E-02
   0.94400000E+03   0.86967972E-02
   0.94500000E+03   0.86363398E-02
   0.94600000E+03   0.85768209E-02
   0.94700000E+03   0.85182622E-02
   0.94800000E+03   0.84606855E-02
   0.94900000E+03   0.84041125E-02
   0.95000000E+03   0.83485648E-02
   0.95100000E+03   0.82940605E-02
   0.95200000E+03   0.82406028E-02
   0.95300000E+03   0.81881912E-02
   0.95400000E+03   0.81368252E-02
   0.95500000E+03   0.80865045E-02
   0.95600000E+03   0.80372285E-02
   0.95700000E+03   0.79889968E-02
   0.95800000E+03   0.79418089E-02
   0.95900000E+03   0.78956644E-02
   0.96000000E+03   0.78505628E-02
   0.96100000E+03   0.78065036E-02
   0.96200000E+03   0.77634864E-02
   0.96300000E+03   0.77215107E-02
   0.96400000E+03   0.76805760E-02
   0.96500000E+03   0.76406819E-02
   0.96600000E+03   0.76018280E-02
   0.96700000E+03   0.75640137E-02
   0.96800000E+03   0.75272387E-02
   0.96900000E+03   0.74915023E-02
   0.97000000E+03   0.74568043E-02
   0.97100000E+03   0.74231441E-02
   0.97200000E+03   0.73905212E-02
   0.97300000E+03   0.73589352E-02
   0.97400000E+03   0.73283857E-02
   0.97500000E+03   0.72988721E-02
   0.97600000E+03   0.72703940E-02
   0.97700000E+03   0.72429510E-02
   0.97800000E+03   0.72165426E-02
   0.97900000E+03   0.71911683E-02
   0.98000000E+03   0.71668277E-02
   0.98100000E+03   0.71435203E-02
   0.98200000E+03   0.71212456E-02
   0.98300000E+03   0.71000032E-02
   0.98400000E+03   0.70797926E-02
   0.98500000E+03   0.70606134E-02
   0.98600000E+03   0.70424650E-02
   0.98700000E+03   0.70253471E-02
   0.98800000E+03   0.70092592E-02
   0.98900000E+03   0.69942008E-02
   0.99000000E+03   0.69801714E-02
   0.99100000E+03   0.69671706E-02
   0.99200000E+03   0.69551980E-02
   0.99300000E+03   0.69442530E-02
   0.99400000E+03   0.69343352E-02
   0.99500000E+03   0.69254441E-02
   0.99600000E+03   0.69175794E-02
   0.99700000E+03   0.69107404E-02
   0.99800000E+03   0.69049268E-02
   0.99900000E+03   0.69001381E-02
   0.10000000E+04   0.68963738E-02
   0.10010000E+04   0.68936307E-02
   0.10020000E+04   0.68918940E-02
   0.10030000E+04   0.68911463E-02
   0.10040000E+04   0.68913701E-02
   0.10050000E+04   0.68925479E-02
   0.10060000E+04   0.68946622E-02
   0.10070000E+04   0.68976954E-02
   0.10080000E+04   0.69016302E-02
   0.10090000E+04   0.69064490E-02
   0.10100000E+04   0.69121342E-02
   0.10110000E+04   0.69186685E-02
   0.10120000E+04   0.69260343E-02
   0.10130000E+04   0.69342142E-02
   0.10140000E+04   0.69431905E-02
   0.10150000E+04   0.69529459E-02
   0.10160000E+04   0.69634628E-02
   0.10170000E+04   0.69747238E-02
   0.10180000E+04   0.69867113E-02
   0.10190000E+04   0.69994078E-02
   0.10200000E+04   0.70127959E-02
   0.10210000E+04   0.70268581E-02
   0.10220000E+04   0.70415768E-02
   0.10230000E+04   0.70569346E-02
   0.10240000E+04   0.70729139E-02
   0.10250000E+04   0.70894973E-02
   0.10260000E+04   0.71066673E-02
   0.10270000E+04   0.71244064E-02
   0.10280000E+04   0.71426970E-02
   0.10290000E+04   0.71615217E-02
   0.10300000E+04   0.71808631E-02
   0.10310000E+04   0.72007035E-02
   0.10320000E+04   0.72210255E-02
   0.10330000E+04   0.72418116E-02
   0.10340000E+04   0.72630444E-02
   0.10350000E+04   0.72847062E-02
   0.10360000E+04   0.73067797E-02
   0.10370000E+04   0.73292473E-02
   0.10380000E+04   0.73520915E-02
   0.10390000E+04   0.73752949E-02
   0.10400000E+04   0.73988398E-02
   0.10410000E+04   0.74227090E-02
   0.10420000E+04   0.74468847E-02
   0.10430000E+04   0.74713496E-02
   0.10440000E+04   0.74960862E-02
   0.10450000E+04   0.75210769E-02
   0.10460000E+04   0.75463043E-02
   0.10470000E+04   0.75717508E-02
   0.10480000E+04   0.75973990E-02
   0.10490000E+04   0.76232314E-02
   0.10500000E+04   0.76492304E-02
   0.10510000E+04   0.76753790E-02
   0.10520000E+04   0.77016610E-02
   0.10530000E+04   0.77280609E-02
   0.10540000E+04   0.77545630E-02
   0.10550000E+04   0.77811515E-02
   0.10560000E+04   0.78078109E-02
   0.10570000E+04   0.78345255E-02
   0.10580000E+04   0.78612795E-02
   0.10590000E+04   0.78880574E-02
   0.10600000E+04   0.79148434E-02
   0.10610000E+04   0.79416219E-02
   0.10620000E+04   0.79683772E-02
   0.10630000E+04   0.79950936E-02
   0.10640000E+04   0.80217556E-02
   0.10650000E+04   0.80483473E-02
   0.10660000E+04   0.80748531E-02
   0.10670000E+04   0.81012574E-02
   0.10680000E+04   0.81275446E-02
   0.10690000E+04   0.81536988E-02
   0.10700000E+04   0.81797045E-02
   0.10710000E+04   0.82055460E-02
   0.10720000E+04   0.82312075E-02
   0.10730000E+04   0.82566736E-02
   0.10740000E+04   0.82819284E-02
   0.10750000E+04   0.83069563E-02
   0.10760000E+04   0.83317416E-02
   0.10770000E+04   0.83562687E-02
   0.10780000E+04   0.83805219E-02
   0.10790000E+04   0.84044855E-02
   0.10800000E+04   0.84281439E-02
   0.10810000E+04   0.84514813E-02
   0.10820000E+04   0.84744822E-02
   0.10830000E+04   0.84971308E-02
   0.10840000E+04   0.85194115E-02
   0.10850000E+04   0.85413086E-02
   0.10860000E+04   0.85628065E-02
   0.10870000E+04   0.85838894E-02
   0.10880000E+04   0.86045417E-02
   0.10890000E+04   0.86247477E-02
   0.10900000E+04   0.86444917E-02
   0.10910000E+04   0.86637582E-02
   0.10920000E+04   0.86825314E-02
   0.10930000E+04   0.87007956E-02
   0.10940000E+04   0.87185352E-02
   0.10950000E+04   0.87357345E-02
   0.10960000E+04   0.87523779E-02
   0.10970000E+04   0.87684496E-02
   0.10980000E+04   0.87839340E-02
   0.10990000E+04   0.87988154E-02
   0.11000000E+04   0.88130782E-02
   0.11010000E+04   0.88267091E-02
   0.11020000E+04   0.88397048E-02
   0.11030000E+04   0.88520642E-02
   0.11040000E+04   0.88637865E-02
   0.11050000E+04   0.88748706E-02
   0.11060000E+04   0.88853156E-02
   0.11070000E+04   0.88951205E-02
   0.11080000E+04   0.89042844E-02
   0.11090000E+04   0.89128063E-02
   0.11100000E+04   0.89206853E-02
   0.11110000E+04   0.89279204E-02
   0.11120000E+04   0.89345107E-02
   0.11130000E+04   0.89404551E-02
   0.11140000E+04   0.89457528E-02
   0.11150000E+04   0.89504028E-02
   0.11160000E+04   0.89544040E-02
   0.11170000E+04   0.89577556E-02
   0.11180000E+04   0.89604567E-02
   0.11190000E+04   0.89625061E-02
   0.11200000E+04   0.89639030E-02
   0.11210000E+04   0.89646465E-02
   0.11220000E+04   0.89647355E-02
   0.11230000E+04   0.89641692E-02
   0.11240000E+04   0.89629465E-02
   0.11250000E+04   0.89610664E-02
   0.11260000E+04   0.89585281E-02
   0.11270000E+04   0.89553306E-02
   0.11280000E+04   0.89514729E-02
   0.11290000E+04   0.89469541E-02
   0.11300000E+04   0.89417731E-02
   0.11310000E+04   0.89359291E-02
   0.11320000E+04   0.89294211E-02
   0.11330000E+04   0.89222481E-02
   0.11340000E+04   0.89144092E-02
   0.11350000E+04   0.89059034E-02
   0.11360000E+04   0.88967298E-02
   0.11370000E+04   0.88868873E-02
   0.11380000E+04   0.88763751E-02
   0.11390000E+04   0.88651921E-02
   0.11400000E+04   0.88533375E-02
   0.11410000E+04   0.88408102E-02
   0.11420000E+04   0.88276093E-02
   0.11430000E+04   0.88137339E-02
   0.11440000E+04   0.87991829E-02
   0.11450000E+04   0.87839555E-02
   0.11460000E+04   0.87680507E-02
   0.11470000E+04   0.87514674E-02
   0.11480000E+04   0.87342049E-02
   0.11490000E+04   0.87162620E-02
   0.11500000E+04   0.86976378E-02
   0.11510000E+04   0.86783339E-02
   0.11520000E+04   0.86583614E-02
   0.11530000E+04   0.86377339E-02
   0.11540000E+04   0.86164652E-02
   0.11550000E+04   0.85945688E-02
   0.11560000E+04   0.85720584E-02
   0.11570000E+04   0.85489477E-02
   0.11580000E+04   0.85252503E-02
   0.11590000E+04   0.85009798E-02
   0.11600000E+04   0.84761498E-02
   0.11610000E+04   0.84507741E-02
   0.11620000E+04   0.84248663E-02
   0.11630000E+04   0.83984400E-02
   0.11640000E+04   0.83715088E-02
   0.11650000E+04   0.83440864E-02
   0.11660000E+04   0.83161865E-02
   0.11670000E+04   0.82878227E-02
   0.11680000E+04   0.82590086E-02
   0.11690000E+04   0.82297578E-02
   0.11700000E+04   0.82000841E-02
   0.11710000E+04   0.81700011E-02
   0.11720000E+04   0.81395224E-02
   0.11730000E+04   0.81086616E-02
   0.11740000E+04   0.80774324E-02
   0.11750000E+04   0.80458485E-02
   0.11760000E+04   0.80139235E-02
   0.11770000E+04   0.79816710E-02
   0.11780000E+04   0.79491047E-02
   0.11790000E+04   0.79162382E-02
   0.11800000E+04   0.78830852E-02
   0.11810000E+04   0.78496592E-02
   0.11820000E+04   0.78159741E-02
   0.11830000E+04   0.77820433E-02
   0.11840000E+04   0.77478806E-02
   0.11850000E+04   0.77134996E-02
   0.11860000E+04   0.76789139E-02
   0.11870000E+04   0.76441372E-02
   0.11880000E+04   0.76091831E-02
   0.11890000E+04   0.75740652E-02
   0.11900000E+04   0.75387973E-02
   0.11910000E+04   0.75033930E-02
   0.11920000E+04   0.74678658E-02
   0.11930000E+04   0.74322295E-02
   0.11940000E+04   0.73964977E-02
   0.11950000E+04   0.73606840E-02
   0.11960000E+04   0.73248021E-02
   0.11970000E+04   0.72888656E-02
   0.11980000E+04   0.72528881E-02
   0.11990000E+04   0.72168834E-02
   0.12000000E+04   0.71808651E-02
