   0.10000000E+01   0.21789436E-01
   0.20000000E+01   0.16009339E-01
   0.30000000E+01   0.10229241E-01
   0.40000000E+01   0.90038163E-02
   0.50000000E+01   0.87811719E-02
   0.60000000E+01   0.85396773E-02
   0.70000000E+01   0.84264811E-02
   0.80000000E+01   0.84031546E-02
   0.90000000E+01   0.84010224E-02
   0.10000000E+02   0.84160006E-02
   0.11000000E+02   0.84567837E-02
   0.12000000E+02   0.85185883E-02
   0.13000000E+02   0.85943850E-02
   0.14000000E+02   0.86816389E-02
   0.15000000E+02   0.87789382E-02
   0.16000000E+02   0.88849501E-02
   0.17000000E+02   0.89986567E-02
   0.18000000E+02   0.91191191E-02
   0.19000000E+02   0.92453981E-02
   0.20000000E+02   0.93765547E-02
   0.21000000E+02   0.95117638E-02
   0.22000000E+02   0.96506572E-02
   0.23000000E+02   0.97929805E-02
   0.24000000E+02   0.99384795E-02
   0.25000000E+02   0.10086900E-01
   0.26000000E+02   0.10237987E-01
   0.27000000E+02   0.10391488E-01
   0.28000000E+02   0.10547147E-01
   0.29000000E+02   0.10704711E-01
   0.30000000E+02   0.10863924E-01
   0.31000000E+02   0.11024573E-01
   0.32000000E+02   0.11186597E-01
   0.33000000E+02   0.11349974E-01
   0.34000000E+02   0.11514685E-01
   0.35000000E+02   0.11680708E-01
   0.36000000E+02   0.11848022E-01
   0.37000000E+02   0.12016606E-01
   0.38000000E+02   0.12186440E-01
   0.39000000E+02   0.12357503E-01
   0.40000000E+02   0.12529773E-01
   0.41000000E+02   0.12703236E-01
   0.42000000E+02   0.12877906E-01
   0.43000000E+02   0.13053803E-01
   0.44000000E+02   0.13230946E-01
   0.45000000E+02   0.13409356E-01
   0.46000000E+02   0.13589053E-01
   0.47000000E+02   0.13770056E-01
   0.48000000E+02   0.13952385E-01
   0.49000000E+02   0.14136061E-01
   0.50000000E+02   0.14321104E-01
   0.51000000E+02   0.14507538E-01
   0.52000000E+02   0.14695412E-01
   0.53000000E+02   0.14884777E-01
   0.54000000E+02   0.15075687E-01
   0.55000000E+02   0.15268194E-01
   0.56000000E+02   0.15462351E-01
   0.57000000E+02   0.15658210E-01
   0.58000000E+02   0.15855824E-01
   0.59000000E+02   0.16055246E-01
   0.60000000E+02   0.16256528E-01
   0.61000000E+02   0.16459722E-01
   0.62000000E+02   0.16664871E-01
   0.63000000E+02   0.16872018E-01
   0.64000000E+02   0.17081205E-01
   0.65000000E+02   0.17292475E-01
   0.66000000E+02   0.17505870E-01
   0.67000000E+02   0.17721433E-01
   0.68000000E+02   0.17939205E-01
   0.69000000E+02   0.18159230E-01
   0.70000000E+02   0.18381550E-01
   0.71000000E+02   0.18606205E-01
   0.72000000E+02   0.18833229E-01
   0.73000000E+02   0.19062653E-01
   0.74000000E+02   0.19294507E-01
   0.75000000E+02   0.19528824E-01
   0.76000000E+02   0.19765635E-01
   0.77000000E+02   0.20004971E-01
   0.78000000E+02   0.20246863E-01
   0.79000000E+02   0.20491342E-01
   0.80000000E+02   0.20738441E-01
   0.81000000E+02   0.20988185E-01
   0.82000000E+02   0.21240583E-01
   0.83000000E+02   0.21495639E-01
   0.84000000E+02   0.21753357E-01
   0.85000000E+02   0.22013741E-01
   0.86000000E+02   0.22276794E-01
   0.87000000E+02   0.22542522E-01
   0.88000000E+02   0.22810927E-01
   0.89000000E+02   0.23082013E-01
   0.90000000E+02   0.23355785E-01
   0.91000000E+02   0.23632243E-01
   0.92000000E+02   0.23911377E-01
   0.93000000E+02   0.24193173E-01
   0.94000000E+02   0.24477617E-01
   0.95000000E+02   0.24764696E-01
   0.96000000E+02   0.25054395E-01
   0.97000000E+02   0.25346701E-01
   0.98000000E+02   0.25641601E-01
   0.99000000E+02   0.25939080E-01
   0.10000000E+03   0.26239125E-01
   0.10100000E+03   0.26541713E-01
   0.10200000E+03   0.26846789E-01
   0.10300000E+03   0.27154288E-01
   0.10400000E+03   0.27464146E-01
   0.10500000E+03   0.27776298E-01
   0.10600000E+03   0.28090679E-01
   0.10700000E+03   0.28407225E-01
   0.10800000E+03   0.28725872E-01
   0.10900000E+03   0.29046554E-01
   0.11000000E+03   0.29369208E-01
   0.11100000E+03   0.29693769E-01
   0.11200000E+03   0.30020173E-01
   0.11300000E+03   0.30348354E-01
   0.11400000E+03   0.30678249E-01
   0.11500000E+03   0.31009793E-01
   0.11600000E+03   0.31342921E-01
   0.11700000E+03   0.31677569E-01
   0.11800000E+03   0.32013672E-01
   0.11900000E+03   0.32351167E-01
   0.12000000E+03   0.32689987E-01
   0.12100000E+03   0.33030064E-01
   0.12200000E+03   0.33371304E-01
   0.12300000E+03   0.33713610E-01
   0.12400000E+03   0.34056882E-01
   0.12500000E+03   0.34401023E-01
   0.12600000E+03   0.34745934E-01
   0.12700000E+03   0.35091517E-01
   0.12800000E+03   0.35437673E-01
   0.12900000E+03   0.35784304E-01
   0.13000000E+03   0.36131313E-01
   0.13100000E+03   0.36478599E-01
   0.13200000E+03   0.36826066E-01
   0.13300000E+03   0.37173615E-01
   0.13400000E+03   0.37521147E-01
   0.13500000E+03   0.37868564E-01
   0.13600000E+03   0.38215768E-01
   0.13700000E+03   0.38562661E-01
   0.13800000E+03   0.38909143E-01
   0.13900000E+03   0.39255118E-01
   0.14000000E+03   0.39600486E-01
   0.14100000E+03   0.39945145E-01
   0.14200000E+03   0.40288977E-01
   0.14300000E+03   0.40631861E-01
   0.14400000E+03   0.40973674E-01
   0.14500000E+03   0.41314295E-01
   0.14600000E+03   0.41653603E-01
   0.14700000E+03   0.41991474E-01
   0.14800000E+03   0.42327788E-01
   0.14900000E+03   0.42662422E-01
   0.15000000E+03   0.42995255E-01
   0.15100000E+03   0.43326165E-01
   0.15200000E+03   0.43655030E-01
   0.15300000E+03   0.43981728E-01
   0.15400000E+03   0.44306137E-01
   0.15500000E+03   0.44628137E-01
   0.15600000E+03   0.44947603E-01
   0.15700000E+03   0.45264416E-01
   0.15800000E+03   0.45578453E-01
   0.15900000E+03   0.45889592E-01
   0.16000000E+03   0.46197712E-01
   0.16100000E+03   0.46502693E-01
   0.16200000E+03   0.46804428E-01
   0.16300000E+03   0.47102813E-01
   0.16400000E+03   0.47397742E-01
   0.16500000E+03   0.47689111E-01
   0.16600000E+03   0.47976815E-01
   0.16700000E+03   0.48260750E-01
   0.16800000E+03   0.48540812E-01
   0.16900000E+03   0.48816894E-01
   0.17000000E+03   0.49088893E-01
   0.17100000E+03   0.49356705E-01
   0.17200000E+03   0.49620223E-01
   0.17300000E+03   0.49879345E-01
   0.17400000E+03   0.50133964E-01
   0.17500000E+03   0.50383977E-01
   0.17600000E+03   0.50629279E-01
   0.17700000E+03   0.50869765E-01
   0.17800000E+03   0.51105330E-01
   0.17900000E+03   0.51335870E-01
   0.18000000E+03   0.51561280E-01
   0.18100000E+03   0.51781464E-01
   0.18200000E+03   0.51996355E-01
   0.18300000E+03   0.52205896E-01
   0.18400000E+03   0.52410030E-01
   0.18500000E+03   0.52608699E-01
   0.18600000E+03   0.52801845E-01
   0.18700000E+03   0.52989411E-01
   0.18800000E+03   0.53171339E-01
   0.18900000E+03   0.53347571E-01
   0.19000000E+03   0.53518050E-01
   0.19100000E+03   0.53682718E-01
   0.19200000E+03   0.53841517E-01
   0.19300000E+03   0.53994390E-01
   0.19400000E+03   0.54141280E-01
   0.19500000E+03   0.54282128E-01
   0.19600000E+03   0.54416876E-01
   0.19700000E+03   0.54545468E-01
   0.19800000E+03   0.54667845E-01
   0.19900000E+03   0.54783951E-01
   0.20000000E+03   0.54893727E-01
   0.20100000E+03   0.54997121E-01
   0.20200000E+03   0.55094110E-01
   0.20300000E+03   0.55184674E-01
   0.20400000E+03   0.55268793E-01
   0.20500000E+03   0.55346451E-01
   0.20600000E+03   0.55417626E-01
   0.20700000E+03   0.55482302E-01
   0.20800000E+03   0.55540458E-01
   0.20900000E+03   0.55592076E-01
   0.21000000E+03   0.55637137E-01
   0.21100000E+03   0.55675623E-01
   0.21200000E+03   0.55707514E-01
   0.21300000E+03   0.55732792E-01
   0.21400000E+03   0.55751437E-01
   0.21500000E+03   0.55763432E-01
   0.21600000E+03   0.55768757E-01
   0.21700000E+03   0.55767393E-01
   0.21800000E+03   0.55759322E-01
   0.21900000E+03   0.55744524E-01
   0.22000000E+03   0.55722981E-01
   0.22100000E+03   0.55694674E-01
   0.22200000E+03   0.55659585E-01
   0.22300000E+03   0.55617694E-01
   0.22400000E+03   0.55568982E-01
   0.22500000E+03   0.55513431E-01
   0.22600000E+03   0.55451037E-01
   0.22700000E+03   0.55381860E-01
   0.22800000E+03   0.55305973E-01
   0.22900000E+03   0.55223451E-01
   0.23000000E+03   0.55134369E-01
   0.23100000E+03   0.55038801E-01
   0.23200000E+03   0.54936821E-01
   0.23300000E+03   0.54828503E-01
   0.23400000E+03   0.54713923E-01
   0.23500000E+03   0.54593154E-01
   0.23600000E+03   0.54466271E-01
   0.23700000E+03   0.54333349E-01
   0.23800000E+03   0.54194461E-01
   0.23900000E+03   0.54049682E-01
   0.24000000E+03   0.53899087E-01
   0.24100000E+03   0.53742750E-01
   0.24200000E+03   0.53580745E-01
   0.24300000E+03   0.53413147E-01
   0.24400000E+03   0.53240030E-01
   0.24500000E+03   0.53061469E-01
   0.24600000E+03   0.52877537E-01
   0.24700000E+03   0.52688310E-01
   0.24800000E+03   0.52493862E-01
   0.24900000E+03   0.52294267E-01
   0.25000000E+03   0.52089600E-01
   0.25100000E+03   0.51879940E-01
   0.25200000E+03   0.51665390E-01
   0.25300000E+03   0.51446057E-01
   0.25400000E+03   0.51222050E-01
   0.25500000E+03   0.50993476E-01
   0.25600000E+03   0.50760442E-01
   0.25700000E+03   0.50523058E-01
   0.25800000E+03   0.50281429E-01
   0.25900000E+03   0.50035665E-01
   0.26000000E+03   0.49785872E-01
   0.26100000E+03   0.49532159E-01
   0.26200000E+03   0.49274634E-01
   0.26300000E+03   0.49013403E-01
   0.26400000E+03   0.48748576E-01
   0.26500000E+03   0.48480259E-01
   0.26600000E+03   0.48208561E-01
   0.26700000E+03   0.47933589E-01
   0.26800000E+03   0.47655451E-01
   0.26900000E+03   0.47374254E-01
   0.27000000E+03   0.47090108E-01
   0.27100000E+03   0.46803118E-01
   0.27200000E+03   0.46513393E-01
   0.27300000E+03   0.46221041E-01
   0.27400000E+03   0.45926170E-01
   0.27500000E+03   0.45628887E-01
   0.27600000E+03   0.45329305E-01
   0.27700000E+03   0.45027557E-01
   0.27800000E+03   0.44723779E-01
   0.27900000E+03   0.44418110E-01
   0.28000000E+03   0.44110687E-01
   0.28100000E+03   0.43801647E-01
   0.28200000E+03   0.43491128E-01
   0.28300000E+03   0.43179267E-01
   0.28400000E+03   0.42866202E-01
   0.28500000E+03   0.42552070E-01
   0.28600000E+03   0.42237009E-01
   0.28700000E+03   0.41921155E-01
   0.28800000E+03   0.41604647E-01
   0.28900000E+03   0.41287622E-01
   0.29000000E+03   0.40970217E-01
   0.29100000E+03   0.40652571E-01
   0.29200000E+03   0.40334819E-01
   0.29300000E+03   0.40017100E-01
   0.29400000E+03   0.39699552E-01
   0.29500000E+03   0.39382311E-01
   0.29600000E+03   0.39065515E-01
   0.29700000E+03   0.38749301E-01
   0.29800000E+03   0.38433808E-01
   0.29900000E+03   0.38119172E-01
   0.30000000E+03   0.37805531E-01
   0.30100000E+03   0.37493014E-01
   0.30200000E+03   0.37181717E-01
   0.30300000E+03   0.36871730E-01
   0.30400000E+03   0.36563140E-01
   0.30500000E+03   0.36256035E-01
   0.30600000E+03   0.35950504E-01
   0.30700000E+03   0.35646635E-01
   0.30800000E+03   0.35344517E-01
   0.30900000E+03   0.35044237E-01
   0.31000000E+03   0.34745884E-01
   0.31100000E+03   0.34449546E-01
   0.31200000E+03   0.34155312E-01
   0.31300000E+03   0.33863270E-01
   0.31400000E+03   0.33573508E-01
   0.31500000E+03   0.33286114E-01
   0.31600000E+03   0.33001177E-01
   0.31700000E+03   0.32718784E-01
   0.31800000E+03   0.32439025E-01
   0.31900000E+03   0.32161988E-01
   0.32000000E+03   0.31887760E-01
   0.32100000E+03   0.31616430E-01
   0.32200000E+03   0.31348087E-01
   0.32300000E+03   0.31082819E-01
   0.32400000E+03   0.30820713E-01
   0.32500000E+03   0.30561859E-01
   0.32600000E+03   0.30306344E-01
   0.32700000E+03   0.30054258E-01
   0.32800000E+03   0.29805687E-01
   0.32900000E+03   0.29560721E-01
   0.33000000E+03   0.29319447E-01
   0.33100000E+03   0.29081954E-01
   0.33200000E+03   0.28848331E-01
   0.33300000E+03   0.28618665E-01
   0.33400000E+03   0.28393045E-01
   0.33500000E+03   0.28171560E-01
   0.33600000E+03   0.27954296E-01
   0.33700000E+03   0.27741344E-01
   0.33800000E+03   0.27532790E-01
   0.33900000E+03   0.27328724E-01
   0.34000000E+03   0.27129234E-01
   0.34100000E+03   0.26934407E-01
   0.34200000E+03   0.26744332E-01
   0.34300000E+03   0.26559098E-01
   0.34400000E+03   0.26378793E-01
   0.34500000E+03   0.26203504E-01
   0.34600000E+03   0.26033321E-01
   0.34700000E+03   0.25868332E-01
   0.34800000E+03   0.25708625E-01
   0.34900000E+03   0.25554287E-01
   0.35000000E+03   0.25405409E-01
   0.35100000E+03   0.25262056E-01
   0.35200000E+03   0.25124215E-01
   0.35300000E+03   0.24991851E-01
   0.35400000E+03   0.24864929E-01
   0.35500000E+03   0.24743413E-01
   0.35600000E+03   0.24627269E-01
   0.35700000E+03   0.24516462E-01
   0.35800000E+03   0.24410956E-01
   0.35900000E+03   0.24310717E-01
   0.36000000E+03   0.24215710E-01
   0.36100000E+03   0.24125899E-01
   0.36200000E+03   0.24041250E-01
   0.36300000E+03   0.23961727E-01
   0.36400000E+03   0.23887296E-01
   0.36500000E+03   0.23817922E-01
   0.36600000E+03   0.23753569E-01
   0.36700000E+03   0.23694202E-01
   0.36800000E+03   0.23639787E-01
   0.36900000E+03   0.23590288E-01
   0.37000000E+03   0.23545671E-01
   0.37100000E+03   0.23505901E-01
   0.37200000E+03   0.23470942E-01
   0.37300000E+03   0.23440759E-01
   0.37400000E+03   0.23415317E-01
   0.37500000E+03   0.23394582E-01
   0.37600000E+03   0.23378519E-01
   0.37700000E+03   0.23367091E-01
   0.37800000E+03   0.23360265E-01
   0.37900000E+03   0.23358006E-01
   0.38000000E+03   0.23360277E-01
   0.38100000E+03   0.23367045E-01
   0.38200000E+03   0.23378274E-01
   0.38300000E+03   0.23393930E-01
   0.38400000E+03   0.23413976E-01
   0.38500000E+03   0.23438379E-01
   0.38600000E+03   0.23467103E-01
   0.38700000E+03   0.23500113E-01
   0.38800000E+03   0.23537374E-01
   0.38900000E+03   0.23578852E-01
   0.39000000E+03   0.23624510E-01
   0.39100000E+03   0.23674315E-01
   0.39200000E+03   0.23728231E-01
   0.39300000E+03   0.23786223E-01
   0.39400000E+03   0.23848256E-01
   0.39500000E+03   0.23914295E-01
   0.39600000E+03   0.23984305E-01
   0.39700000E+03   0.24058251E-01
   0.39800000E+03   0.24136098E-01
   0.39900000E+03   0.24217811E-01
   0.40000000E+03   0.24303355E-01
   0.40100000E+03   0.24392684E-01
   0.40200000E+03   0.24485707E-01
   0.40300000E+03   0.24582322E-01
   0.40400000E+03   0.24682429E-01
   0.40500000E+03   0.24785925E-01
   0.40600000E+03   0.24892708E-01
   0.40700000E+03   0.25002677E-01
   0.40800000E+03   0.25115730E-01
   0.40900000E+03   0.25231766E-01
   0.41000000E+03   0.25350683E-01
   0.41100000E+03   0.25472378E-01
   0.41200000E+03   0.25596752E-01
   0.41300000E+03   0.25723700E-01
   0.41400000E+03   0.25853123E-01
   0.41500000E+03   0.25984919E-01
   0.41600000E+03   0.26118985E-01
   0.41700000E+03   0.26255219E-01
   0.41800000E+03   0.26393522E-01
   0.41900000E+03   0.26533790E-01
   0.42000000E+03   0.26675922E-01
   0.42100000E+03   0.26819816E-01
   0.42200000E+03   0.26965371E-01
   0.42300000E+03   0.27112484E-01
   0.42400000E+03   0.27261055E-01
   0.42500000E+03   0.27410982E-01
   0.42600000E+03   0.27562162E-01
   0.42700000E+03   0.27714494E-01
   0.42800000E+03   0.27867877E-01
   0.42900000E+03   0.28022209E-01
   0.43000000E+03   0.28177388E-01
   0.43100000E+03   0.28333312E-01
   0.43200000E+03   0.28489880E-01
   0.43300000E+03   0.28646990E-01
   0.43400000E+03   0.28804541E-01
   0.43500000E+03   0.28962430E-01
   0.43600000E+03   0.29120556E-01
   0.43700000E+03   0.29278818E-01
   0.43800000E+03   0.29437113E-01
   0.43900000E+03   0.29595340E-01
   0.44000000E+03   0.29753398E-01
   0.44100000E+03   0.29911184E-01
   0.44200000E+03   0.30068597E-01
   0.44300000E+03   0.30225535E-01
   0.44400000E+03   0.30381897E-01
   0.44500000E+03   0.30537581E-01
   0.44600000E+03   0.30692485E-01
   0.44700000E+03   0.30846507E-01
   0.44800000E+03   0.30999546E-01
   0.44900000E+03   0.31151500E-01
   0.45000000E+03   0.31302268E-01
   0.45100000E+03   0.31451756E-01
   0.45200000E+03   0.31599904E-01
   0.45300000E+03   0.31746662E-01
   0.45400000E+03   0.31891977E-01
   0.45500000E+03   0.32035799E-01
   0.45600000E+03   0.32178076E-01
   0.45700000E+03   0.32318757E-01
   0.45800000E+03   0.32457790E-01
   0.45900000E+03   0.32595125E-01
   0.46000000E+03   0.32730709E-01
   0.46100000E+03   0.32864492E-01
   0.46200000E+03   0.32996422E-01
   0.46300000E+03   0.33126449E-01
   0.46400000E+03   0.33254519E-01
   0.46500000E+03   0.33380584E-01
   0.46600000E+03   0.33504590E-01
   0.46700000E+03   0.33626487E-01
   0.46800000E+03   0.33746223E-01
   0.46900000E+03   0.33863747E-01
   0.47000000E+03   0.33979008E-01
   0.47100000E+03   0.34091954E-01
   0.47200000E+03   0.34202534E-01
   0.47300000E+03   0.34310697E-01
   0.47400000E+03   0.34416392E-01
   0.47500000E+03   0.34519567E-01
   0.47600000E+03   0.34620170E-01
   0.47700000E+03   0.34718151E-01
   0.47800000E+03   0.34813458E-01
   0.47900000E+03   0.34906040E-01
   0.48000000E+03   0.34995846E-01
   0.48100000E+03   0.35082823E-01
   0.48200000E+03   0.35166922E-01
   0.48300000E+03   0.35248090E-01
   0.48400000E+03   0.35326276E-01
   0.48500000E+03   0.35401429E-01
   0.48600000E+03   0.35473498E-01
   0.48700000E+03   0.35542432E-01
   0.48800000E+03   0.35608178E-01
   0.48900000E+03   0.35670686E-01
   0.49000000E+03   0.35729904E-01
   0.49100000E+03   0.35785781E-01
   0.49200000E+03   0.35838266E-01
   0.49300000E+03   0.35887307E-01
   0.49400000E+03   0.35932853E-01
   0.49500000E+03   0.35974853E-01
   0.49600000E+03   0.36013256E-01
   0.49700000E+03   0.36048009E-01
   0.49800000E+03   0.36079063E-01
   0.49900000E+03   0.36106364E-01
   0.50000000E+03   0.36129863E-01
   0.50100000E+03   0.36149524E-01
   0.50200000E+03   0.36165376E-01
   0.50300000E+03   0.36177464E-01
   0.50400000E+03   0.36185834E-01
   0.50500000E+03   0.36190530E-01
   0.50600000E+03   0.36191598E-01
   0.50700000E+03   0.36189082E-01
   0.50800000E+03   0.36183029E-01
   0.50900000E+03   0.36173483E-01
   0.51000000E+03   0.36160490E-01
   0.51100000E+03   0.36144094E-01
   0.51200000E+03   0.36124342E-01
   0.51300000E+03   0.36101277E-01
   0.51400000E+03   0.36074945E-01
   0.51500000E+03   0.36045392E-01
   0.51600000E+03   0.36012663E-01
   0.51700000E+03   0.35976802E-01
   0.51800000E+03   0.35937855E-01
   0.51900000E+03   0.35895868E-01
   0.52000000E+03   0.35850885E-01
   0.52100000E+03   0.35802951E-01
   0.52200000E+03   0.35752112E-01
   0.52300000E+03   0.35698413E-01
   0.52400000E+03   0.35641899E-01
   0.52500000E+03   0.35582616E-01
   0.52600000E+03   0.35520607E-01
   0.52700000E+03   0.35455920E-01
   0.52800000E+03   0.35388598E-01
   0.52900000E+03   0.35318688E-01
   0.53000000E+03   0.35246233E-01
   0.53100000E+03   0.35171280E-01
   0.53200000E+03   0.35093873E-01
   0.53300000E+03   0.35014059E-01
   0.53400000E+03   0.34931881E-01
   0.53500000E+03   0.34847385E-01
   0.53600000E+03   0.34760617E-01
   0.53700000E+03   0.34671621E-01
   0.53800000E+03   0.34580443E-01
   0.53900000E+03   0.34487127E-01
   0.54000000E+03   0.34391720E-01
   0.54100000E+03   0.34294266E-01
   0.54200000E+03   0.34194810E-01
   0.54300000E+03   0.34093398E-01
   0.54400000E+03   0.33990075E-01
   0.54500000E+03   0.33884886E-01
   0.54600000E+03   0.33777876E-01
   0.54700000E+03   0.33669090E-01
   0.54800000E+03   0.33558574E-01
   0.54900000E+03   0.33446373E-01
   0.55000000E+03   0.33332531E-01
   0.55100000E+03   0.33217100E-01
   0.55200000E+03   0.33100150E-01
   0.55300000E+03   0.32981758E-01
   0.55400000E+03   0.32861999E-01
   0.55500000E+03   0.32740950E-01
   0.55600000E+03   0.32618687E-01
   0.55700000E+03   0.32495287E-01
   0.55800000E+03   0.32370826E-01
   0.55900000E+03   0.32245379E-01
   0.56000000E+03   0.32119023E-01
   0.56100000E+03   0.31991834E-01
   0.56200000E+03   0.31863889E-01
   0.56300000E+03   0.31735264E-01
   0.56400000E+03   0.31606034E-01
   0.56500000E+03   0.31476277E-01
   0.56600000E+03   0.31346067E-01
   0.56700000E+03   0.31215483E-01
   0.56800000E+03   0.31084598E-01
   0.56900000E+03   0.30953491E-01
   0.57000000E+03   0.30822237E-01
   0.57100000E+03   0.30690913E-01
   0.57200000E+03   0.30559594E-01
   0.57300000E+03   0.30428357E-01
   0.57400000E+03   0.30297277E-01
   0.57500000E+03   0.30166432E-01
   0.57600000E+03   0.30035898E-01
   0.57700000E+03   0.29905750E-01
   0.57800000E+03   0.29776065E-01
   0.57900000E+03   0.29646919E-01
   0.58000000E+03   0.29518388E-01
   0.58100000E+03   0.29390548E-01
   0.58200000E+03   0.29263477E-01
   0.58300000E+03   0.29137249E-01
   0.58400000E+03   0.29011942E-01
   0.58500000E+03   0.28887630E-01
   0.58600000E+03   0.28764392E-01
   0.58700000E+03   0.28642302E-01
   0.58800000E+03   0.28521437E-01
   0.58900000E+03   0.28401873E-01
   0.59000000E+03   0.28283687E-01
   0.59100000E+03   0.28166955E-01
   0.59200000E+03   0.28051752E-01
   0.59300000E+03   0.27938155E-01
   0.59400000E+03   0.27826241E-01
   0.59500000E+03   0.27716084E-01
   0.59600000E+03   0.27607763E-01
   0.59700000E+03   0.27501353E-01
   0.59800000E+03   0.27396929E-01
   0.59900000E+03   0.27294569E-01
   0.60000000E+03   0.27194349E-01
   0.60100000E+03   0.27096335E-01
   0.60200000E+03   0.27000557E-01
   0.60300000E+03   0.26907034E-01
   0.60400000E+03   0.26815787E-01
   0.60500000E+03   0.26726836E-01
   0.60600000E+03   0.26640201E-01
   0.60700000E+03   0.26555901E-01
   0.60800000E+03   0.26473956E-01
   0.60900000E+03   0.26394388E-01
   0.61000000E+03   0.26317215E-01
   0.61100000E+03   0.26242458E-01
   0.61200000E+03   0.26170136E-01
   0.61300000E+03   0.26100270E-01
   0.61400000E+03   0.26032879E-01
   0.61500000E+03   0.25967984E-01
   0.61600000E+03   0.25905604E-01
   0.61700000E+03   0.25845760E-01
   0.61800000E+03   0.25788471E-01
   0.61900000E+03   0.25733758E-01
   0.62000000E+03   0.25681640E-01
   0.62100000E+03   0.25632138E-01
   0.62200000E+03   0.25585271E-01
   0.62300000E+03   0.25541059E-01
   0.62400000E+03   0.25499523E-01
   0.62500000E+03   0.25460682E-01
   0.62600000E+03   0.25424557E-01
   0.62700000E+03   0.25391167E-01
   0.62800000E+03   0.25360532E-01
   0.62900000E+03   0.25332673E-01
   0.63000000E+03   0.25307608E-01
   0.63100000E+03   0.25285360E-01
   0.63200000E+03   0.25265946E-01
   0.63300000E+03   0.25249387E-01
   0.63400000E+03   0.25235704E-01
   0.63500000E+03   0.25224916E-01
   0.63600000E+03   0.25217043E-01
   0.63700000E+03   0.25212106E-01
   0.63800000E+03   0.25210123E-01
   0.63900000E+03   0.25211116E-01
   0.64000000E+03   0.25215103E-01
   0.64100000E+03   0.25222106E-01
   0.64200000E+03   0.25232144E-01
   0.64300000E+03   0.25245237E-01
   0.64400000E+03   0.25261405E-01
   0.64500000E+03   0.25280668E-01
   0.64600000E+03   0.25303047E-01
   0.64700000E+03   0.25328560E-01
   0.64800000E+03   0.25357228E-01
   0.64900000E+03   0.25389071E-01
   0.65000000E+03   0.25424109E-01
   0.65100000E+03   0.25462349E-01
   0.65200000E+03   0.25503746E-01
   0.65300000E+03   0.25548243E-01
   0.65400000E+03   0.25595781E-01
   0.65500000E+03   0.25646302E-01
   0.65600000E+03   0.25699750E-01
   0.65700000E+03   0.25756066E-01
   0.65800000E+03   0.25815192E-01
   0.65900000E+03   0.25877070E-01
   0.66000000E+03   0.25941644E-01
   0.66100000E+03   0.26008854E-01
   0.66200000E+03   0.26078643E-01
   0.66300000E+03   0.26150954E-01
   0.66400000E+03   0.26225727E-01
   0.66500000E+03   0.26302907E-01
   0.66600000E+03   0.26382435E-01
   0.66700000E+03   0.26464252E-01
   0.66800000E+03   0.26548302E-01
   0.66900000E+03   0.26634526E-01
   0.67000000E+03   0.26722867E-01
   0.67100000E+03   0.26813266E-01
   0.67200000E+03   0.26905667E-01
   0.67300000E+03   0.27000011E-01
   0.67400000E+03   0.27096240E-01
   0.67500000E+03   0.27194297E-01
   0.67600000E+03   0.27294124E-01
   0.67700000E+03   0.27395662E-01
   0.67800000E+03   0.27498855E-01
   0.67900000E+03   0.27603644E-01
   0.68000000E+03   0.27709972E-01
   0.68100000E+03   0.27817781E-01
   0.68200000E+03   0.27927012E-01
   0.68300000E+03   0.28037609E-01
   0.68400000E+03   0.28149513E-01
   0.68500000E+03   0.28262666E-01
   0.68600000E+03   0.28377011E-01
   0.68700000E+03   0.28492491E-01
   0.68800000E+03   0.28609046E-01
   0.68900000E+03   0.28726620E-01
   0.69000000E+03   0.28845154E-01
   0.69100000E+03   0.28964590E-01
   0.69200000E+03   0.29084872E-01
   0.69300000E+03   0.29205941E-01
   0.69400000E+03   0.29327739E-01
   0.69500000E+03   0.29450209E-01
   0.69600000E+03   0.29573292E-01
   0.69700000E+03   0.29696931E-01
   0.69800000E+03   0.29821068E-01
   0.69900000E+03   0.29945646E-01
   0.70000000E+03   0.30070606E-01
   0.70100000E+03   0.30195889E-01
   0.70200000E+03   0.30321435E-01
   0.70300000E+03   0.30447181E-01
   0.70400000E+03   0.30573064E-01
   0.70500000E+03   0.30699022E-01
   0.70600000E+03   0.30824993E-01
   0.70700000E+03   0.30950913E-01
   0.70800000E+03   0.31076721E-01
   0.70900000E+03   0.31202355E-01
   0.71000000E+03   0.31327750E-01
   0.71100000E+03   0.31452847E-01
   0.71200000E+03   0.31577581E-01
   0.71300000E+03   0.31701890E-01
   0.71400000E+03   0.31825713E-01
   0.71500000E+03   0.31948986E-01
   0.71600000E+03   0.32071647E-01
   0.71700000E+03   0.32193633E-01
   0.71800000E+03   0.32314883E-01
   0.71900000E+03   0.32435334E-01
   0.72000000E+03   0.32554923E-01
   0.72100000E+03   0.32673588E-01
   0.72200000E+03   0.32791267E-01
   0.72300000E+03   0.32907896E-01
   0.72400000E+03   0.33023414E-01
   0.72500000E+03   0.33137758E-01
   0.72600000E+03   0.33250866E-01
   0.72700000E+03   0.33362676E-01
   0.72800000E+03   0.33473124E-01
   0.72900000E+03   0.33582148E-01
   0.73000000E+03   0.33689687E-01
   0.73100000E+03   0.33795677E-01
   0.73200000E+03   0.33900056E-01
   0.73300000E+03   0.34002762E-01
   0.73400000E+03   0.34103732E-01
   0.73500000E+03   0.34202904E-01
   0.73600000E+03   0.34300215E-01
   0.73700000E+03   0.34395603E-01
   0.73800000E+03   0.34489006E-01
   0.73900000E+03   0.34580361E-01
   0.74000000E+03   0.34669605E-01
   0.74100000E+03   0.34756677E-01
   0.74200000E+03   0.34841513E-01
   0.74300000E+03   0.34924052E-01
   0.74400000E+03   0.35004230E-01
   0.74500000E+03   0.35081986E-01
   0.74600000E+03   0.35157257E-01
   0.74700000E+03   0.35229980E-01
   0.74800000E+03   0.35300094E-01
   0.74900000E+03   0.35367535E-01
   0.75000000E+03   0.35432241E-01
   0.75100000E+03   0.35494160E-01
   0.75200000E+03   0.35553276E-01
   0.75300000E+03   0.35609584E-01
   0.75400000E+03   0.35663078E-01
   0.75500000E+03   0.35713752E-01
   0.75600000E+03   0.35761601E-01
   0.75700000E+03   0.35806620E-01
   0.75800000E+03   0.35848803E-01
   0.75900000E+03   0.35888143E-01
   0.76000000E+03   0.35924637E-01
   0.76100000E+03   0.35958278E-01
   0.76200000E+03   0.35989060E-01
   0.76300000E+03   0.36016978E-01
   0.76400000E+03   0.36042027E-01
   0.76500000E+03   0.36064200E-01
   0.76600000E+03   0.36083493E-01
   0.76700000E+03   0.36099900E-01
   0.76800000E+03   0.36113415E-01
   0.76900000E+03   0.36124032E-01
   0.77000000E+03   0.36131746E-01
   0.77100000E+03   0.36136552E-01
   0.77200000E+03   0.36138444E-01
   0.77300000E+03   0.36137416E-01
   0.77400000E+03   0.36133463E-01
   0.77500000E+03   0.36126579E-01
   0.77600000E+03   0.36116759E-01
   0.77700000E+03   0.36103997E-01
   0.77800000E+03   0.36088287E-01
   0.77900000E+03   0.36069624E-01
   0.78000000E+03   0.36048003E-01
   0.78100000E+03   0.36023417E-01
   0.78200000E+03   0.35995862E-01
   0.78300000E+03   0.35965331E-01
   0.78400000E+03   0.35931819E-01
   0.78500000E+03   0.35895321E-01
   0.78600000E+03   0.35855831E-01
   0.78700000E+03   0.35813343E-01
   0.78800000E+03   0.35767852E-01
   0.78900000E+03   0.35719352E-01
   0.79000000E+03   0.35667838E-01
   0.79100000E+03   0.35613304E-01
   0.79200000E+03   0.35555745E-01
   0.79300000E+03   0.35495155E-01
   0.79400000E+03   0.35431528E-01
   0.79500000E+03   0.35364859E-01
   0.79600000E+03   0.35295142E-01
   0.79700000E+03   0.35222372E-01
   0.79800000E+03   0.35146543E-01
   0.79900000E+03   0.35067649E-01
   0.80000000E+03   0.34985686E-01
   0.80100000E+03   0.34900657E-01
   0.80200000E+03   0.34812606E-01
   0.80300000E+03   0.34721588E-01
   0.80400000E+03   0.34627655E-01
   0.80500000E+03   0.34530863E-01
   0.80600000E+03   0.34431264E-01
   0.80700000E+03   0.34328913E-01
   0.80800000E+03   0.34223863E-01
   0.80900000E+03   0.34116169E-01
   0.81000000E+03   0.34005884E-01
   0.81100000E+03   0.33893062E-01
   0.81200000E+03   0.33777757E-01
   0.81300000E+03   0.33660022E-01
   0.81400000E+03   0.33539913E-01
   0.81500000E+03   0.33417482E-01
   0.81600000E+03   0.33292783E-01
   0.81700000E+03   0.33165871E-01
   0.81800000E+03   0.33036799E-01
   0.81900000E+03   0.32905621E-01
   0.82000000E+03   0.32772390E-01
   0.82100000E+03   0.32637162E-01
   0.82200000E+03   0.32499989E-01
   0.82300000E+03   0.32360925E-01
   0.82400000E+03   0.32220025E-01
   0.82500000E+03   0.32077342E-01
   0.82600000E+03   0.31932930E-01
   0.82700000E+03   0.31786843E-01
   0.82800000E+03   0.31639135E-01
   0.82900000E+03   0.31489859E-01
   0.83000000E+03   0.31339070E-01
   0.83100000E+03   0.31186821E-01
   0.83200000E+03   0.31033167E-01
   0.83300000E+03   0.30878160E-01
   0.83400000E+03   0.30721856E-01
   0.83500000E+03   0.30564307E-01
   0.83600000E+03   0.30405568E-01
   0.83700000E+03   0.30245693E-01
   0.83800000E+03   0.30084735E-01
   0.83900000E+03   0.29922748E-01
   0.84000000E+03   0.29759787E-01
   0.84100000E+03   0.29595904E-01
   0.84200000E+03   0.29431154E-01
   0.84300000E+03   0.29265592E-01
   0.84400000E+03   0.29099269E-01
   0.84500000E+03   0.28932241E-01
   0.84600000E+03   0.28764562E-01
   0.84700000E+03   0.28596285E-01
   0.84800000E+03   0.28427463E-01
   0.84900000E+03   0.28258152E-01
   0.85000000E+03   0.28088405E-01
   0.85100000E+03   0.27918275E-01
   0.85200000E+03   0.27747816E-01
   0.85300000E+03   0.27577081E-01
   0.85400000E+03   0.27406125E-01
   0.85500000E+03   0.27235000E-01
   0.85600000E+03   0.27063760E-01
   0.85700000E+03   0.26892458E-01
   0.85800000E+03   0.26721148E-01
   0.85900000E+03   0.26549882E-01
   0.86000000E+03   0.26378716E-01
   0.86100000E+03   0.26207701E-01
   0.86200000E+03   0.26036892E-01
   0.86300000E+03   0.25866341E-01
   0.86400000E+03   0.25696103E-01
   0.86500000E+03   0.25526231E-01
   0.86600000E+03   0.25356777E-01
   0.86700000E+03   0.25187797E-01
   0.86800000E+03   0.25019342E-01
   0.86900000E+03   0.24851466E-01
   0.87000000E+03   0.24684224E-01
   0.87100000E+03   0.24517668E-01
   0.87200000E+03   0.24351851E-01
   0.87300000E+03   0.24186828E-01
   0.87400000E+03   0.24022651E-01
   0.87500000E+03   0.23859374E-01
   0.87600000E+03   0.23697051E-01
   0.87700000E+03   0.23535734E-01
   0.87800000E+03   0.23375478E-01
   0.87900000E+03   0.23216336E-01
   0.88000000E+03   0.23058361E-01
   0.88100000E+03   0.22901606E-01
   0.88200000E+03   0.22746125E-01
   0.88300000E+03   0.22591972E-01
   0.88400000E+03   0.22439200E-01
   0.88500000E+03   0.22287862E-01
   0.88600000E+03   0.22138012E-01
   0.88700000E+03   0.21989703E-01
   0.88800000E+03   0.21842989E-01
   0.88900000E+03   0.21697922E-01
   0.89000000E+03   0.21554558E-01
   0.89100000E+03   0.21412948E-01
   0.89200000E+03   0.21273146E-01
   0.89300000E+03   0.21135206E-01
   0.89400000E+03   0.20999182E-01
   0.89500000E+03   0.20865126E-01
   0.89600000E+03   0.20733092E-01
   0.89700000E+03   0.20603134E-01
   0.89800000E+03   0.20475305E-01
   0.89900000E+03   0.20349658E-01
   0.90000000E+03   0.20226246E-01
   0.90100000E+03   0.20105116E-01
   0.90200000E+03   0.19986276E-01
   0.90300000E+03   0.19869730E-01
   0.90400000E+03   0.19755478E-01
   0.90500000E+03   0.19643522E-01
   0.90600000E+03   0.19533865E-01
   0.90700000E+03   0.19426508E-01
   0.90800000E+03   0.19321452E-01
   0.90900000E+03   0.19218700E-01
   0.91000000E+03   0.19118254E-01
   0.91100000E+03   0.19020115E-01
   0.91200000E+03   0.18924285E-01
   0.91300000E+03   0.18830766E-01
   0.91400000E+03   0.18739560E-01
   0.91500000E+03   0.18650668E-01
   0.91600000E+03   0.18564092E-01
   0.91700000E+03   0.18479835E-01
   0.91800000E+03   0.18397897E-01
   0.91900000E+03   0.18318281E-01
   0.92000000E+03   0.18240989E-01
   0.92100000E+03   0.18166022E-01
   0.92200000E+03   0.18093382E-01
   0.92300000E+03   0.18023071E-01
   0.92400000E+03   0.17955091E-01
   0.92500000E+03   0.17889443E-01
   0.92600000E+03   0.17826129E-01
   0.92700000E+03   0.17765152E-01
   0.92800000E+03   0.17706513E-01
   0.92900000E+03   0.17650213E-01
   0.93000000E+03   0.17596255E-01
   0.93100000E+03   0.17544640E-01
   0.93200000E+03   0.17495371E-01
   0.93300000E+03   0.17448448E-01
   0.93400000E+03   0.17403874E-01
   0.93500000E+03   0.17361651E-01
   0.93600000E+03   0.17321780E-01
   0.93700000E+03   0.17284263E-01
   0.93800000E+03   0.17249102E-01
   0.93900000E+03   0.17216299E-01
   0.94000000E+03   0.17185856E-01
   0.94100000E+03   0.17157773E-01
   0.94200000E+03   0.17132055E-01
   0.94300000E+03   0.17108701E-01
   0.94400000E+03   0.17087713E-01
   0.94500000E+03   0.17069095E-01
   0.94600000E+03   0.17052847E-01
   0.94700000E+03   0.17038971E-01
   0.94800000E+03   0.17027469E-01
   0.94900000E+03   0.17018343E-01
   0.95000000E+03   0.17011594E-01
   0.95100000E+03   0.17007218E-01
   0.95200000E+03   0.17005178E-01
   0.95300000E+03   0.17005431E-01
   0.95400000E+03   0.17007934E-01
   0.95500000E+03   0.17012644E-01
   0.95600000E+03   0.17019517E-01
   0.95700000E+03   0.17028512E-01
   0.95800000E+03   0.17039583E-01
   0.95900000E+03   0.17052690E-01
   0.96000000E+03   0.17067787E-01
   0.96100000E+03   0.17084833E-01
   0.96200000E+03   0.17103784E-01
   0.96300000E+03   0.17124597E-01
   0.96400000E+03   0.17147228E-01
   0.96500000E+03   0.17171636E-01
   0.96600000E+03   0.17197775E-01
   0.96700000E+03   0.17225604E-01
   0.96800000E+03   0.17255080E-01
   0.96900000E+03   0.17286159E-01
   0.97000000E+03   0.17318797E-01
   0.97100000E+03   0.17352953E-01
   0.97200000E+03   0.17388582E-01
   0.97300000E+03   0.17425642E-01
   0.97400000E+03   0.17464090E-01
   0.97500000E+03   0.17503882E-01
   0.97600000E+03   0.17544975E-01
   0.97700000E+03   0.17587327E-01
   0.97800000E+03   0.17630893E-01
   0.97900000E+03   0.17675631E-01
   0.98000000E+03   0.17721499E-01
   0.98100000E+03   0.17768451E-01
   0.98200000E+03   0.17816447E-01
   0.98300000E+03   0.17865442E-01
   0.98400000E+03   0.17915393E-01
   0.98500000E+03   0.17966257E-01
   0.98600000E+03   0.18017991E-01
   0.98700000E+03   0.18070553E-01
   0.98800000E+03   0.18123898E-01
   0.98900000E+03   0.18177983E-01
   0.99000000E+03   0.18232766E-01
   0.99100000E+03   0.18288204E-01
   0.99200000E+03   0.18344253E-01
   0.99300000E+03   0.18400870E-01
   0.99400000E+03   0.18458012E-01
   0.99500000E+03   0.18515636E-01
   0.99600000E+03   0.18573699E-01
   0.99700000E+03   0.18632157E-01
   0.99800000E+03   0.18690968E-01
   0.99900000E+03   0.18750089E-01
   0.10000000E+04   0.18809475E-01
   0.10010000E+04   0.18869086E-01
   0.10020000E+04   0.18928884E-01
   0.10030000E+04   0.18988833E-01
   0.10040000E+04   0.19048896E-01
   0.10050000E+04   0.19109037E-01
   0.10060000E+04   0.19169220E-01
   0.10070000E+04   0.19229409E-01
   0.10080000E+04   0.19289567E-01
   0.10090000E+04   0.19349659E-01
   0.10100000E+04   0.19409647E-01
   0.10110000E+04   0.19469497E-01
   0.10120000E+04   0.19529171E-01
   0.10130000E+04   0.19588633E-01
   0.10140000E+04   0.19647847E-01
   0.10150000E+04   0.19706777E-01
   0.10160000E+04   0.19765386E-01
   0.10170000E+04   0.19823639E-01
   0.10180000E+04   0.19881499E-01
   0.10190000E+04   0.19938930E-01
   0.10200000E+04   0.19995895E-01
   0.10210000E+04   0.20052359E-01
   0.10220000E+04   0.20108285E-01
   0.10230000E+04   0.20163636E-01
   0.10240000E+04   0.20218378E-01
   0.10250000E+04   0.20272473E-01
   0.10260000E+04   0.20325884E-01
   0.10270000E+04   0.20378577E-01
   0.10280000E+04   0.20430515E-01
   0.10290000E+04   0.20481660E-01
   0.10300000E+04   0.20531979E-01
   0.10310000E+04   0.20581433E-01
   0.10320000E+04   0.20629986E-01
   0.10330000E+04   0.20677603E-01
   0.10340000E+04   0.20724248E-01
   0.10350000E+04   0.20769883E-01
   0.10360000E+04   0.20814473E-01
   0.10370000E+04   0.20857982E-01
   0.10380000E+04   0.20900373E-01
   0.10390000E+04   0.20941610E-01
   0.10400000E+04   0.20981657E-01
   0.10410000E+04   0.21020477E-01
   0.10420000E+04   0.21058035E-01
   0.10430000E+04   0.21094293E-01
   0.10440000E+04   0.21129217E-01
   0.10450000E+04   0.21162769E-01
   0.10460000E+04   0.21194914E-01
   0.10470000E+04   0.21225614E-01
   0.10480000E+04   0.21254834E-01
   0.10490000E+04   0.21282539E-01
   0.10500000E+04   0.21308690E-01
   0.10510000E+04   0.21333259E-01
   0.10520000E+04   0.21356238E-01
   0.10530000E+04   0.21377629E-01
   0.10540000E+04   0.21397432E-01
   0.10550000E+04   0.21415645E-01
   0.10560000E+04   0.21432270E-01
   0.10570000E+04   0.21447306E-01
   0.10580000E+04   0.21460753E-01
   0.10590000E+04   0.21472612E-01
   0.10600000E+04   0.21482882E-01
   0.10610000E+04   0.21491563E-01
   0.10620000E+04   0.21498656E-01
   0.10630000E+04   0.21504160E-01
   0.10640000E+04   0.21508076E-01
   0.10650000E+04   0.21510403E-01
   0.10660000E+04   0.21511142E-01
   0.10670000E+04   0.21510292E-01
   0.10680000E+04   0.21507854E-01
   0.10690000E+04   0.21503828E-01
   0.10700000E+04   0.21498213E-01
   0.10710000E+04   0.21491009E-01
   0.10720000E+04   0.21482218E-01
   0.10730000E+04   0.21471838E-01
   0.10740000E+04   0.21459869E-01
   0.10750000E+04   0.21446313E-01
   0.10760000E+04   0.21431168E-01
   0.10770000E+04   0.21414435E-01
   0.10780000E+04   0.21396113E-01
   0.10790000E+04   0.21376204E-01
   0.10800000E+04   0.21354706E-01
   0.10810000E+04   0.21331621E-01
   0.10820000E+04   0.21306947E-01
   0.10830000E+04   0.21280685E-01
   0.10840000E+04   0.21252835E-01
   0.10850000E+04   0.21223397E-01
   0.10860000E+04   0.21192371E-01
   0.10870000E+04   0.21159757E-01
   0.10880000E+04   0.21125555E-01
   0.10890000E+04   0.21089765E-01
   0.10900000E+04   0.21052387E-01
   0.10910000E+04   0.21013422E-01
   0.10920000E+04   0.20972868E-01
   0.10930000E+04   0.20930727E-01
   0.10940000E+04   0.20886998E-01
   0.10950000E+04   0.20841681E-01
   0.10960000E+04   0.20794776E-01
   0.10970000E+04   0.20746284E-01
   0.10980000E+04   0.20696203E-01
   0.10990000E+04   0.20644536E-01
   0.11000000E+04   0.20591280E-01
   0.11010000E+04   0.20536444E-01
   0.11020000E+04   0.20480064E-01
   0.11030000E+04   0.20422183E-01
   0.11040000E+04   0.20362844E-01
   0.11050000E+04   0.20302092E-01
   0.11060000E+04   0.20239969E-01
   0.11070000E+04   0.20176519E-01
   0.11080000E+04   0.20111785E-01
   0.11090000E+04   0.20045810E-01
   0.11100000E+04   0.19978639E-01
   0.11110000E+04   0.19910314E-01
   0.11120000E+04   0.19840879E-01
   0.11130000E+04   0.19770377E-01
   0.11140000E+04   0.19698851E-01
   0.11150000E+04   0.19626346E-01
   0.11160000E+04   0.19552905E-01
   0.11170000E+04   0.19478570E-01
   0.11180000E+04   0.19403385E-01
   0.11190000E+04   0.19327394E-01
   0.11200000E+04   0.19250640E-01
   0.11210000E+04   0.19173167E-01
   0.11220000E+04   0.19095018E-01
   0.11230000E+04   0.19016236E-01
   0.11240000E+04   0.18936864E-01
   0.11250000E+04   0.18856947E-01
   0.11260000E+04   0.18776528E-01
   0.11270000E+04   0.18695649E-01
   0.11280000E+04   0.18614355E-01
   0.11290000E+04   0.18532688E-01
   0.11300000E+04   0.18450693E-01
   0.11310000E+04   0.18368412E-01
   0.11320000E+04   0.18285889E-01
   0.11330000E+04   0.18203168E-01
   0.11340000E+04   0.18120291E-01
   0.11350000E+04   0.18037302E-01
   0.11360000E+04   0.17954246E-01
   0.11370000E+04   0.17871164E-01
   0.11380000E+04   0.17788100E-01
   0.11390000E+04   0.17705099E-01
   0.11400000E+04   0.17622203E-01
   0.11410000E+04   0.17539455E-01
   0.11420000E+04   0.17456899E-01
   0.11430000E+04   0.17374579E-01
   0.11440000E+04   0.17292538E-01
   0.11450000E+04   0.17210819E-01
   0.11460000E+04   0.17129466E-01
   0.11470000E+04   0.17048522E-01
   0.11480000E+04   0.16968030E-01
   0.11490000E+04   0.16888034E-01
   0.11500000E+04   0.16808578E-01
   0.11510000E+04   0.16729695E-01
   0.11520000E+04   0.16651383E-01
   0.11530000E+04   0.16573631E-01
   0.11540000E+04   0.16496426E-01
   0.11550000E+04   0.16419757E-01
   0.11560000E+04   0.16343613E-01
   0.11570000E+04   0.16267982E-01
   0.11580000E+04   0.16192852E-01
   0.11590000E+04   0.16118211E-01
   0.11600000E+04   0.16044048E-01
   0.11610000E+04   0.15970352E-01
   0.11620000E+04   0.15897110E-01
   0.11630000E+04   0.15824310E-01
   0.11640000E+04   0.15751942E-01
   0.11650000E+04   0.15679994E-01
   0.11660000E+04   0.15608453E-01
   0.11670000E+04   0.15537309E-01
   0.11680000E+04   0.15466549E-01
   0.11690000E+04   0.15396162E-01
   0.11700000E+04   0.15326137E-01
   0.11710000E+04   0.15256461E-01
   0.11720000E+04   0.15187123E-01
   0.11730000E+04   0.15118112E-01
   0.11740000E+04   0.15049415E-01
   0.11750000E+04   0.14981021E-01
   0.11760000E+04   0.14912918E-01
   0.11770000E+04   0.14845096E-01
   0.11780000E+04   0.14777541E-01
   0.11790000E+04   0.14710243E-01
   0.11800000E+04   0.14643189E-01
   0.11810000E+04   0.14576369E-01
   0.11820000E+04   0.14509769E-01
   0.11830000E+04   0.14443380E-01
   0.11840000E+04   0.14377189E-01
   0.11850000E+04   0.14311184E-01
   0.11860000E+04   0.14245354E-01
   0.11870000E+04   0.14179688E-01
   0.11880000E+04   0.14114173E-01
   0.11890000E+04   0.14048797E-01
   0.11900000E+04   0.13983550E-01
   0.11910000E+04   0.13918420E-01
   0.11920000E+04   0.13853394E-01
   0.11930000E+04   0.13788461E-01
   0.11940000E+04   0.13723610E-01
   0.11950000E+04   0.13658830E-01
   0.11960000E+04   0.13594107E-01
   0.11970000E+04   0.13529431E-01
   0.11980000E+04   0.13464790E-01
   0.11990000E+04   0.13400172E-01
   0.12000000E+04   0.13335566E-01
